1|26|736085445053
3|28|7756054168960
4|29|7703323501072
5|30|7896255746113
6|31|7896255702911
7|33|7790440450604
8|34|7790440450703
9|35|7790440450635
10|36|7790440496732
11|37|678112254163
12|38|7703186360601
13|39|7703186585110
14|40|7790440699218
15|41|7591142000575
16|43|7703186568212
17|44|7591519004007
18|45|7592601200161
19|46|7592601200147
20|47|7592601200154
21|48|7591142000605
22|49|5013158766785
23|50|7591142000247
24|51|7591142000230
25|52|7591142000223
26|56|7703186442925
27|57|7703186443014
28|58|7703186446305
29|59|7591142000599
30|60|7896255700986
31|62|7790440395028
32|64|7790440320716
33|66|7790440321447
34|67|7790440429976
35|68|7591142000810
36|69|7798092890120
37|70|7703186027276
38|71|7591142000858
1631|2008|7592262000360
1632|2011|7896212421732
1633|2012|7896212421725
1634|2014|7592262000544
1637|2021|7501109908318
1638|2022|7501109908301
1639|2023|7501109900558
1642|2026|7501109908141
1644|2028|7592262000308
1645|2029|7592262000315
1646|2030|7592262000414
1647|2031|7592262000261
1650|2034|7501109910212
1651|2036|7501100089016
1654|2040|7591844000064
1655|2049|9652939
1656|2050|7590030000161
1657|2051|7590030001694
1658|2052|7591585178237
1659|2053|7590030000192
1660|2056|7590030001885
1661|2057|7592229002154
1662|2059|7590030001953
1663|2060|7590030000796
1664|2063|7590030001779
1665|2065|7590030000895
1666|2066|7590030000949
1667|2067|7590030001014
1668|2070|7592773000675
1669|2076|7590030001274
1670|2081|7590030001533
1671|2082|7591136009225
1672|2085|7590030001571
1673|2086|7590030001625
1674|2088|7592205000020
1675|2089|7594000260081
1676|2090|7592616007021
1677|2091|7594002080014
1678|2093|7590027002055
1679|2094|7594002080045
1680|2095|7594002080052
1681|2096|7592348200516
1682|2097|7590027001669
1683|2098|7591585176653
1684|2100|7592454102100
1685|2101|7591519006261
1686|2102|7591585171634
1687|2104|7592454102001
1688|2105|7591519005639
1689|2106|7591585271631
1690|2107|7591619501048
1691|2108|7591585171450
1692|2113|7591955001080
1693|2117|7703153003883
1694|2120|7592454120364
1695|2121|7591619502014
1696|2124|7592454120357
1697|2125|7592454120371
1698|2126|7669892220588
1699|2127|7592601300502
1700|2128|7592454000130
1701|2129|7592454110143
1702|2130|7591585978745
1703|2131|7591585178947
1704|2135|7594002080106
1705|2137|7592454120203
1706|2138|7592616006017
1707|2141|7592616027012
1708|2143|7591585171764
1709|2145|7591585171740
1710|2149|7592454886994
1711|2153|7594001330660
1712|2158|7591585178169
1713|2160|7591585278166
1714|2163|7703763070282
1715|2164|7591585170491
1716|2165|7592616026015
1717|2167|7591585170514
1718|2168|7702605201495
1719|2169|7591585173188
1720|2170|7591585173195
1721|2173|7703763060290
1722|2174|7591585170538
1723|2176|7591585170569
1724|2177|7591585177926
1725|2178|7591585170613
1726|2180|7591020000765
1727|2181|7591020000772
1728|2183|7591585174673
1729|2185|7591585375018
1730|2186|7591585175014
1731|2187|7591585275028
1732|2189|7591585175021
1733|2193|7591585175250
1734|2194|7591585175205
1735|2195|7591585973436
1736|2196|7703763200641
1737|2197|7703763200900
1738|2199|7591585179463
1739|2200|7591585379467
1740|2202|7703763700318
1741|2203|7703763700325
1742|2205|7703763700219
1743|2207|7591519007800
1744|2208|7591818139004
1745|2211|7702605201181
1746|2212|7702605202072
1747|2213|7591196000040
1748|2216|7591519005677
1749|2217|7591519005660
1750|2218|7592348204002
1751|2219|7591818132029
1752|2221|7591096000133
1753|2222|7591096000898
1754|2228|8470002395824
1755|2229|7591585176516
1756|2230|7591585176509
1757|2232|7591585170163
1758|2233|7591585270160
1759|2237|7703153003937
1760|2238|7591585978264
1761|2240|7591519007053
1762|2241|7591585175649
1763|2243|7591585175656
1764|2244|7591519007633
1765|2245|7702605201419
1766|2246|7702605201471
1767|2247|7594002080434
1768|2248|7703763520190
1769|2249|7703763180233
1770|2250|7591585370228
1771|2251|7591585270221
1772|2252|7592020114346
1773|2253|7702605201679
1774|2254|7591585170279
1775|2255|7594002080366
1776|2257|7591585170910
1777|2259|7702605201396
1778|2260|7591585173874
1779|2261|7594000490242
2937|4008|7730698000312
2938|4010|7591619102023
2939|4011|7591619102016
2940|4012|7730698003429
2941|4013|7730698003412
2942|4014|7730698003405
2943|4015|7703332003031
2944|4018|7591619126012
2945|4022|7730698000084
2946|4023|7730698000091
2947|4024|7795368001747
2948|4025|7591619129037
2949|4026|7591619129044
2950|4027|7591619129013
2951|4028|7730698001418
2952|4029|7795368054101
2953|4030|7730698003542
2954|4032|7501094914332
2955|4033|7795345011264
2956|4034|7703332003550
2957|4036|7592349685695
2958|4037|7591619135021
2959|4038|7730698000152
2960|4039|7730698006093
2961|4040|7730698002699
2963|4042|7795368001730
2964|4043|7795368001761
2965|4044|7795368001846
2966|4045|7795368001785
2967|4046|7795368001792
2968|4047|7795368054682
2969|4048|7591955002278
2970|4049|4104480705113
2971|4050|7730698000275
2972|4051|7730698000282
2973|4055|7591955000748
2974|4056|7591955000731
2975|4057|7591955000724
2976|4059|7730698394138
2977|4060|7730698394183
2978|4061|7730698394176
2981|4064|7591955000854
2983|4066|7591955001622
2984|4070|7730698000879
2985|4071|7730698002682
2986|4074|7730698001036
2987|4075|7730698003764
2988|4076|7730698001043
2989|4077|7730698003771
2990|4078|7460536521128
2991|4079|7591619515014
2992|4080|7591619515021
2993|4082|7591619516028
2994|4083|7591619516035
2995|4084|7591955002339
2996|4085|9587298
2998|4087|7592788000240
2999|4088|7592788000370
3000|4089|7592788000035
3001|4090|7592788000042
3002|4091|7592788000134
3003|4092|7592788000059
3004|4093|7592788000066
3006|4095|7592788000080
3007|4096|7592788000127
3008|4097|7592788000097
3009|4098|7592788000103
3010|4099|7592788000158
3011|4101|7590027000020
3012|4103|7590027000099
3013|4104|7591519000061
3014|4105|7590027001775
3015|4107|7590027000150
3016|4108|7590027000167
3017|4110|7590027000204
3018|4112|7591392802769
3019|4113|7590027001164
3020|4114|7590027000259
3021|4115|7590027000266
3022|4116|7590027000280
3023|4117|7591808000031
3024|4120|7592616107011
3025|4121|7590027000389
3026|4123|7590027000501
3027|4125|7593212000010
3028|4126|7590027000563
3029|4127|7591818116111
3030|4128|7590027000631
3031|4130|7590027000600
3032|4131|7590027000679
3033|4132|7590027000662
3034|4133|736674030028
3035|4134|736674030011
3036|4135|7590027000716
3038|4142|7501406823000
3039|4143|7501406827008
3040|4144|7501406827206
3041|4146|7501406803002
3042|4147|7501406817009
3043|4148|7501406813001
3044|4149|7501406804047
3045|4150|7501406830206
3046|4151|7501406808007
3047|4152|7501406809011
3048|4154|7501406814008
3049|4155|7501406812165
3050|4156|7501406812172
3051|4157|7501406812189
3052|4158|7501406825004
3053|4159|7501406825011
3054|4160|7501406825028
3055|4161|7501406818006
3057|4163|7591020000628
3058|4165|7591020005296
3059|4166|7591020005302
3060|4167|7591020005319
3061|4168|7591020000710
3062|4169|7591020008082
3063|4170|7591020000741
3064|4171|7591020000758
3065|4173|7591020000819
3066|4174|7591020000826
3067|4175|7591020007825
3069|4177|7591020000994
3070|4178|7591020001021
3071|4179|7591020001069
3072|4180|7591020001076
3073|4181|7591020001045
3074|4182|7591020001052
3075|4183|7591020001106
3076|4185|7591020001113
3077|4186|7591020003445
3078|4187|7591020005012
3079|4188|7591020006484
3080|4189|7591020005029
3081|4191|7591020001182
3082|4192|7591020001199
3083|4193|7591020001281
3084|4194|7591020001274
3085|4195|7591020001342
3086|4196|7591020001335
3087|4199|7591020001410
3088|4200|7591020001403
3089|4201|7591020001397
3090|4202|7591020001441
3091|4203|7591020001618
3092|4205|7591020001625
3093|4206|7591020001656
3094|4207|7591020001663
3095|4208|7591020001649
3096|4209|7591020003025
3097|4210|7591020001700
3098|4211|7591020001694
3099|4212|7591020001687
3100|4215|7591020002417
3101|4216|7591020001762
3102|4217|7591020001779
3103|4218|7591020001786
3104|4220|7592349001662
3106|4223|7592349911244
3107|4224|7592349887082
3108|4225|7592349919349
3109|4226|7592349015034
3110|4227|7592349894585
3111|4228|7592349894660
3112|4229|7592349033014
3113|4230|7592349033359
3114|4231|7592349078077
3115|4232|7592349099362
3116|4233|7592349099515
3117|4234|7592349099850
3118|4235|7592349109009
4549|6007|7591044209786
4550|6009|7591044002288
4551|6010|7591044002325
4552|6011|7591044401241
4553|6012|7591044401258
4554|6013|7591044402293
4555|6014|7591044402323
4556|6015|7591044401296
4557|6016|7591044401326
4558|6017|7591044401319
4559|6019|3582913000232
4560|6021|7702771290217
4561|6023|7591044105217
4562|6024|7591044006248
4563|6025|3582913025846
4564|6026|7591044002622
4565|6027|7591044002660
4566|6028|344947910
4567|6029|3582913025860
4568|6030|3582913026218
4569|6031|3582913026201
4570|6032|3582913025884
4573|6036|7591044007405
4576|6039|3582913000294
4577|6040|7592020140055
4578|6041|7592020140079
4579|6043|7795320050127
4580|6044|7795320000559
4581|6045|7501303406016
4582|6046|7896116886033
4583|6047|7703331191203
4584|6049|7896116861146
4585|6050|7592349931389
4586|6052|7592349932294
4589|6055|7795320003017
4590|6056|7795320050950
4591|6057|7703331192903
4592|6058|7795320005035
4593|6059|7703331193009
4594|6060|7501303436518
4595|6062|7703331124003
4597|6064|7896116861085
4598|6065|7896116861276
4601|6068|7896116861023
4602|6069|7703331196901
4603|6070|7896116861153
4606|6074|7591099108706
4607|6075|7591099109000
4608|6076|7591099109109
4609|6077|7591099108904
4610|6078|7591099109307
4611|6081|7591099326308
4612|6082|7591099156004
4613|6083|7591099156103
4614|6084|7591099105200
4615|6085|7591099103404
4616|6086|7591099103909
4617|6088|7591099101103
4618|6089|7591099110402
4619|6090|7591099219501
4620|6091|7591099219709
4621|6092|7591099204002
4622|6093|7591099204200
4623|6094|7703331120951
4625|6096|7591099270106
4626|6098|7591099110709
4628|6100|7896116861542
4629|6101|7591099161701
4630|6102|7591099161800
4631|6103|7591099161909
4632|6104|7591099112109
4633|6105|7591099124409
4635|6107|7591099124003
4636|6108|7591099107709
4637|6109|7591099107501
4638|6110|7591099107600
4639|6111|7591099210409
4640|6112|7591099200509
4641|6113|7591099210706
4642|6114|7591099210805
4643|6115|7591099208406
4644|6116|7591099132909
4645|6117|7591099133906
4646|6118|7591099202107
4647|6119|7591099212007
4648|6120|7591099201902
4650|6123|7591099159401
4651|6125|7591099159302
4652|6126|7591099214605
4653|6127|7591099139403
4654|6128|7591099139304
4655|6129|7591099149105
4656|6130|7591099139502
4657|6131|7591099139601
4658|6132|7591099149501
4659|6134|7591099208703
4660|6135|7591099208604
4661|6136|7591099150606
4662|6137|7591099150705
4663|6138|7591099150309
4664|6139|7591099149600
4665|6140|7591099135306
4666|6141|7591099213905
4667|6142|7591099203807
4668|6143|7591099213509
4669|6144|7591099304900
4670|6145|7591099304702
4671|6147|7591099315708
4672|6148|7591099304009
4673|6152|7591099204804
4674|6153|7703331191258
4675|6154|7591099326407
4676|6155|7591099166003
4677|6156|7591099166102
4678|6157|7591099120609
4679|6158|7591099110907
4680|6159|7591099110808
4681|6160|7591099125406
4682|6161|7591099135207
4683|6162|7591099133401
4684|6163|7591099143202
4685|6164|7591099111409
4686|6166|7591099103800
4687|6167|7591099111508
4688|6168|7591099122504
4689|6169|7591099143103
4690|6170|7591099116008
4691|6171|7591099227902
4692|6172|7591099207805
4694|6174|7591099228305
4696|6177|7793640569909
4697|6178|7591099241007
4698|6179|7591099231206
4699|6180|7591099231602
4700|6181|7591099114806
4701|6182|7591099114707
4702|6183|7591099242400
4703|6184|7591099232203
4704|6188|7591099152105
4705|6190|7591099158701
4706|6191|7591099151801
4707|6192|7591099151900
4709|6194|7591099106801
4711|6197|7591099106603
4712|6200|7591099105903
4713|6201|7591099106702
4714|6202|7591099130509
4715|6205|7591099240406
4716|6206|7591099230407
4718|6208|7591099142403
4719|6209|7591099142601
4825|8339|7590019010150
4826|8340|7591585210142
4827|8342|7591257004314
4828|8343|7591257004321
4829|8344|7592229002499
4830|8356|85412075877
4831|8357|4048846005281
4832|8359|7592637000193
4833|8361|7592803000750
4834|8362|7591165880161
4835|8363|3660053314041
4836|8365|7591044106917
4837|10341|714193600663
4838|10342|31604012533
4839|10344|7707236676391
4840|10346|7592432009742
4841|10347|7590019001882
4842|12337|714193600038
4843|12338|7703281007142
4844|12340|733739104540
4845|12341|7592601101048
4846|12342|7592229002567
4847|12346|7591062010722
4848|12355|7703763310029
4849|12360|7591577000232
4850|12361|7591577000133
4851|12363|7703332003352
4852|14337|612197500005
4853|14342|755244014435
4854|14343|7591585110152
4855|14344|7592454139304
4856|14345|7592229000310
4857|14346|7591585970169
4858|14349|669238000185
4859|14350|7703763100132
4860|14351|755244014213
4862|14354|7591585975010
4863|14355|7591020006859
4864|14358|7592432008776
4865|14360|7591257002112
4866|14362|7591243812343
4867|14363|8901148229112
4868|14364|7592432008714
4869|14365|7592806132021
4870|14367|7591099143004
4871|14379|7592229001126
4872|14381|7591099292207
4873|14382|8901117010741
4874|14383|7591099292405
4875|14391|3433422409224
4876|14392|3433422405929
4877|14393|7730698002521
4878|14394|7592637002944
4879|14395|7591062010463
4880|14396|7591020006989
4881|14397|612197700221
4882|14401|7703763310043
4883|14402|7591585116338
4884|14403|7591585110145
4885|14405|7501406829057
4886|14409|7592636000385
4887|14410|7592637005754
4888|14416|7592229002529
4889|14417|7703281009412
4890|14418|3582910009900
4891|14419|7592637003248
4892|14420|7592637003255
4893|14426|7592432006604
4894|14427|7592637002982
4895|14428|7592637002999
4896|14429|7896116861450
4897|14431|7798092890175
4898|14432|7501406885305
4899|14433|7730699000878
4900|14434|7730699000885
4901|14435|7591196002969
4902|14436|7591196002976
4903|14437|7592432008448
4904|14442|5702191005400
4905|14443|792734000011
4906|14445|7800067000028
4907|14448|7591062017097
4908|14449|7591062017103
4909|14450|7591099219600
4910|14452|7592601201137
4911|14453|7896226505350
4912|14454|3499320002165
4913|14455|7501406872008
4914|14460|7591257004369
4915|14485|7501098605458
4916|14494|7591585116796
4917|14495|7591585116772
4918|14502|7592020117712
4919|14504|7592804001602
4920|14506|7591165810380
4921|14511|7591585118257
4922|14517|7592803000101
4923|14521|7592349928747
4924|14546|7592637004054
4925|14547|7591585118356
4926|14548|7592349941364
4927|14551|7594000491126
4928|14556|7795362018482
4930|14561|7642225010742
4931|14567|5012882005863
4932|14570|7592432008745
4933|14571|7592432008738
4934|14572|7592432009711
4935|14573|8901117011502
4936|14574|97224020001
4937|14576|8470005113630
4938|14577|7591243851106
4939|14580|7594000491317
4940|14581|7592601201144
4941|14586|7592020114315
4942|14590|7592348413800
4943|14601|7592020147535
4944|14606|7592782000062
4945|14608|9002260014415
4946|14609|9002260006298
4947|14625|7591955002872
4948|14626|7591955001967
4949|14629|7590030001656
4950|14631|8470000735820
4951|14632|8470003209038
4952|14641|1036305
4953|14643|7592637005808
4954|14646|7592229003625
4955|14658|7590019010037
4956|14666|3582913000225
4957|14675|7592454002288
4958|14676|7592454000963
4959|14678|7591241829053
4960|14680|7591585310408
4962|14683|7594002081691
4963|14684|7591196002785
4964|14688|7591585210135
4965|14689|7591204457323
4966|14691|7703763861002
4967|14699|7591873001193
4968|14701|7592432009612
4969|14702|7592432009759
4970|14703|7592432009766
4971|14704|7592432009629
4972|14707|7653013955800
4973|14725|733739100092
4974|14726|7591873001513
4975|14727|7591873001506
4976|14728|7591873001490
4977|14730|7591062017066
4978|14731|7591062017172
4979|14733|7592615001389
4980|14743|7591223958283
4981|14746|7501094916091
4982|14751|7460536521609
4983|14754|7591223004843
4984|14762|9002260013586
4985|14766|7592262000599
4986|14767|7640114720529
4987|14776|7591099103008
4988|14777|7590019000533
4989|14781|7730698005171
4990|14782|7591096001420
4991|14785|8715554001640
4992|14786|7594000491607
4993|14787|7591585114402
4994|14788|7591585213303
4995|14789|7591585113306
4996|14790|7591585213310
4997|14791|7591585113313
4998|14792|7591585213327
4999|14793|7591585113320
5000|14795|7591585170293
5001|14800|7592229002550
5002|14804|8901111123119
5003|14808|7730949046694
5004|14814|9800717
5005|14819|7792069002349
5006|14821|7594001420279
5007|14822|755244063662
5008|14826|7702605202294
5009|14827|733739100221
5010|14829|8902501007026
5011|14836|7795990001481
5012|14838|7592507000148
5013|14840|7592889000460
5014|14841|7592955000042
5015|14842|7592955000059
5016|14843|74312858307
5017|14844|7592573000592
5018|14846|733739108029
5019|14847|7592432008882
5020|14848|755244036260
5021|14849|7591257004338
5022|14850|7591044200547
5023|14851|300650002028
5024|14853|7592432009568
5025|14854|7703153012014
5026|14856|7591099214407
5027|14858|7591136000130
5028|14862|7592432008660
5029|14863|3401575518841
5030|14864|7703763550159
5031|14866|7591196003416
5032|14867|7591062010494
5033|14868|7591365000369
5034|14869|7592231001077
5035|14870|7592349529364
5036|14871|7591020006828
5037|14872|7592349832167
5038|14873|7591241817968
5039|14874|7592229002673
5040|14875|7592231001374
5041|14876|7591196003430
5042|14877|7592454000758
5043|14878|7592229002857
5044|14879|7591585319753
5045|14881|7591242807555
5046|14885|7592637005587
5047|14886|7591044106900
5048|14887|7703381003617
5049|14890|7592788000264
5050|14891|7591838000117
5051|14892|7591838000018
5052|14893|7591838000025
5053|14895|7501082208733
5054|14900|7501326029865
5055|14901|7501326029889
5056|14902|7501326029926
5057|14905|7592349947144
5058|14906|7592229002925
5059|14907|7592229002833
5060|14908|7592432009728
5061|14909|7321837592029
5062|14911|7591519002041
5063|14912|7590019000663
5064|14913|7591204593250
5065|14914|7591873001186
5066|14915|7591873000783
5067|14916|7591873000790
5068|14918|7591873000806
5069|14920|7501098604093
5070|14921|7591585173478
5071|14923|7702605202379
5072|14924|7591020006910
5073|14925|7591020006934
5074|14928|7592788000288
5075|14929|7703763310135
5076|14930|7703763310142
5077|14931|7592349945409
5078|14935|755244045477
5079|14937|7591519005783
5080|14939|7591519006445
5081|14940|7591519005776
5082|14941|7591165810434
5083|14942|7591585119773
5084|14943|7441129800806
5085|14946|7592851000047
5086|14949|7594001330745
5087|14950|7591020007061
5088|14953|7501298218991
5089|14954|3400970000906
5090|14955|7707236671860
5091|14956|7592349455830
5092|14957|7453001856023
5093|14958|7592788000318
5094|14959|7730698004969
5095|14960|3596540070056
5096|14962|7592432008981
5097|14963|7592432008998
5098|14964|7591585112347
5099|14965|7591585212344
5100|14966|7501298212883
5101|14967|7591873001346
5102|14968|7501298218960
5103|14969|7590019010167
5104|14970|8470006564059
5105|14976|7591257004420
5106|14977|7591096000850
5107|14978|8715554001688
5108|14979|5000455007765
5109|14980|8901148216150
5110|14982|7592637005822
5112|14984|7591204579285
5113|14985|8901117061187
5115|14991|7591577000485
5116|14993|7592889000477
5117|14994|7591873001285
5118|14995|7703153026332
5119|14996|7592637005839
5120|14998|7592788000387
5121|14999|7590019001493
5122|15000|7501298201856
5123|15001|7703763200917
5124|15003|7592454000741
5125|15004|7795368054965
5126|15005|7591519007114
5127|15006|7501326027007
5128|15007|7501326027014
5129|15008|7591585112910
5130|15009|7592454000802
5131|15010|7591585177445
5132|15011|7592601101093
5133|15012|7590019001509
5134|15013|8901117191358
5135|15014|7592349947304
5136|15015|7592349947229
5137|15017|8806136301149
5138|15018|7591519007152
5139|15019|7591873001322
5140|15020|7591062017356
5141|15022|7591096001482
5142|15023|8470000488894
5143|15024|7591585214225
5144|15025|7707236671105
5145|15026|7592432009551
5146|15027|7591243811728
5147|15028|7861028101123
5148|15029|8901117062245
5149|15030|7590027001010
5150|15031|7591257004802
5151|15032|7591020008334
5152|15034|736643015223
5153|15035|7591585114228
5154|15036|7591955002964
5155|15037|7591955002971
5156|15038|7591062017004
5157|15039|7592349952575
5158|15043|7591020006965
5159|15044|7591020007030
5160|15045|7501124813123
5161|15046|7591242801621
5162|15047|302993925040
5163|15048|7501142911047
5164|15050|7591585113139
5165|15052|7730699001301
5166|15053|7592432010212
5167|15054|7591196003713
5168|15056|7592229002840
5169|15057|7590019000793
5170|15059|7592889000569
5171|15060|7592889000576
5172|15061|7592432010205
5173|15062|7592782000420
5174|15063|7730698004976
5175|15064|7592916001019
5176|15065|7592616366067
5177|15066|7703763310173
5178|15069|7592803001832
5179|15070|755244022461
5180|15071|9002260015566
5181|15072|7591257004376
5182|15073|7703763324019
5183|15074|755244014220
5184|15075|7592803001795
5185|15077|7591044100090
5186|15079|7592349946642
5187|15080|7591585114273
5188|15081|7591585214270
5189|15082|7591585214201
5190|15083|7592229003113
5191|15084|7591044402514
5192|15085|7591873001339
5193|15086|7703763220243
5194|15087|755244035522
5195|15088|7592803000552
5196|15089|7592637006270
5197|15090|7592432010045
5198|15091|7592637002920
5199|15093|7591136009867
5200|15094|7591020000604
5201|15095|7591020006361
5202|15096|7501298219011
5203|15097|7592349952650
5204|15098|7592432008608
5205|15099|7592262000506
5206|15100|7592432011233
5207|15101|7592432011011
5208|15103|7592889000590
5209|15104|5050274199004
5210|15105|7591585110725
5211|15106|7703763200627
5212|15108|7591099251204
5213|15109|7592229003106
5214|15110|7592432010137
5215|15111|7592432010120
5216|15112|7795990001597
5217|15113|7795990001603
5218|15114|7591243807882
5219|15115|NULL
5220|15116|7703153019464
5221|15121|7591099298605
5222|15122|7591196002952
5223|15126|7591257001641
5224|15127|7592432008929
5225|15128|733739104410
5226|15129|7592228002131
5227|15130|7590019001486
5228|15131|7592826000010
5229|15132|9403092000452
5230|15133|7591096000867
5231|15135|7592349941449
5232|15138|7891058003333
5233|15139|7501298211879
5234|15140|8904091101627
5235|15142|7591062013952
5236|15143|7592803001900
5237|15144|7591257004383
5238|15145|7702605201921
5239|15146|7591585178435
5240|15147|7594000491584
5241|15149|7501298219028
5242|15150|7703991000075
5243|15151|7592803001924
5244|15152|733739104977
5245|15153|748645935126
5246|15155|7592454001830
5247|15158|7592228001271
5248|15159|9002260014231
5249|15161|7591165910226
5250|15162|7796285053444
5251|15164|7592432010373
5252|15165|7592432000053
5253|15166|7592454138185
5254|15170|7591585174222
5255|15171|7591585973665
5256|15172|7592616200033
5257|15173|7591099109901
5258|15174|7590019001851
5259|15175|736085290202
5260|15177|4046222464738
5262|15180|7592432011240
5263|15181|7590019000670
5265|15184|7593500000135
5266|15188|7592916001026
5267|15189|7703763310166
5268|15190|7592454001144
5269|15191|7321837591466
5270|15192|755244032033
5271|15193|669238000574
5272|15195|7591242820356
5273|15196|7591096002045
5274|15197|7590019001875
5275|15200|7592788000325
5276|15201|8431851144421
5277|15204|7592637006171
5278|15206|7592229002963
5279|15207|7897595903563
5280|15208|7591585212214
5281|15209|3433422408067
5282|15210|7591099158602
5283|15211|7592432010724
5284|15212|7795320051056
5285|15213|7592803001764
5286|15214|7592803001641
5287|15216|7703281008316
5288|15217|7703332003079
5289|15218|7501406877010
5290|15220|7592432010267
5291|15222|7590019001899
5292|15223|7592637006669
5293|15224|7592637006331
5294|15226|7592803001801
5295|15227|7730698005768
5296|15228|7591592328038
5297|15229|7592432008936
5298|15230|7591196003393
5299|15232|7591585113474
5300|15234|8901117192096
5301|15235|8901117192089
5302|15236|8901117192614
5303|15237|7592432008950
5304|15238|7795381411103
5305|15240|7795381411110
5306|15241|5413895021565
5307|15242|7591099148702
5308|15243|7592573000790
5309|15244|7703991000013
5310|15245|7703991000020
5311|15246|7707172687437
5312|15247|7591585174406
5313|15248|7592601300090
5314|15249|7404000043327
5315|15250|7702418003521
5316|15252|8414200216994
5317|15253|7591223958290
5318|15254|7591223162062
5319|15256|733739112750
5320|15257|7592432008554
5321|15258|7501326029919
5322|15259|7591585418746
5323|15261|7800026012741
5324|15262|7591136009102
5325|15263|7591818215616
5326|15265|7321833221220
5327|15266|7590019030141
5328|15269|7591196001412
5329|15270|7591136009096
5330|15271|7592432009865
5331|15272|8901148210196
5332|15274|7592229003151
5333|15275|7592229003144
5334|15276|7592637005778
5335|15278|7592432002934
5336|15279|7591585179616
5337|15281|5702191007350
5338|15282|7591243851083
5339|15284|7501043100311
5340|15285|7592454147804
5341|15286|7591165910264
5342|15287|3582910014164
5343|15288|7591585973443
5344|15289|7592349945324
5345|15291|3582910023623
5346|15292|646824114068
5347|15293|7590019000687
5348|15294|7502241940228
5349|15295|7590019001783
5350|15296|7590019001769
5351|15297|7702134907103
5352|15298|7591519006117
5353|15299|7592432010281
5354|15302|7592432010311
5355|15303|7592432010304
5356|15305|7592432010731
5357|15306|7592432010151
5358|15307|7592432010168
5359|15308|7592432010052
5361|15310|7592432009995
5362|15311|7592432009674
5363|15312|7592432010298
5364|15313|7592432009964
5365|15314|7592432009971
5366|15315|7592432009940
5367|15316|7592432009957
5368|15317|7592432010021
5369|15318|7592432010038
5370|15319|7591585213785
5372|15321|7501326029858
5373|15322|7592916000890
5374|15323|7591044100564
5375|15324|7591585970176
5376|15325|7703991000068
5377|15327|7591096002038
5378|15328|7703332003628
5380|15352|7592432010328
5381|15353|7592432010397
5382|15354|7592432005362
5383|15355|7592432007199
5384|15358|755244094369
5385|15359|7591242801911
5386|15360|7591242826457
5387|15361|7591242837439
5388|15362|7591241855694
5389|15363|9002260015559
5390|15364|7592788000394
5391|15367|7591519006438
5392|15368|755244045460
5393|15369|7703763165025
5394|15370|7591519007121
5395|15371|733739015204
5396|15372|7591257014368
5397|15373|7591196000644
5398|15374|7502241940259
5399|15377|7591096000409
5400|15378|7592432009919
5401|15379|7591585173454
5402|15383|7703281009535
5403|15384|7592454001670
5404|15385|7592616576305
5405|15386|7591585173782
5406|15387|7592262000605
5407|15388|7591585975898
5408|15391|7591099298506
5409|15392|7591585513595
5410|15393|7591223005178
5411|15394|7591044911887
5412|15396|7795317004669
5413|15397|7502241940211
5414|15399|7592229002642
5415|15400|7592432009704
5416|15401|7591044110006
5417|15403|7592432009032
5418|15404|3596540130064
5419|15405|7703763200894
5420|15406|7730979090278
5421|15408|7591585113450
5422|15410|7501109910526
5423|15411|7590019002360
5424|15412|7591875000026
5425|15413|7703381003648
5426|15415|7592348208017
5427|15416|7591099159005
5428|15418|7592507000551
5429|15419|7590019001721
5430|15420|7591585313430
5431|15421|7592889000484
5432|15422|755244066069
5433|15423|3433422403437
5434|15424|3433422408074
5435|15425|7592432011608
5436|15427|7703763090358
5437|15428|7896116861634
5438|15430|7590019001479
5439|15431|7591142000872
5440|15432|7590019002346
5441|15434|7502241940280
5442|15435|3433422404533
5443|15436|7502241940266
5444|15437|646824106100
5445|15439|7591873001766
5446|15441|7703763090341
5447|15443|7592788000332
5448|15444|7592916000876
5449|15447|7703763363063
5450|15449|3337872410666
5451|15450|3337872411762
5452|15452|646824116055
5453|15453|7591585118462
5454|15454|7861004506539
5455|15456|7592454001571
5456|15458|5998426501247
5457|15459|7591142000865
5458|15460|7803504001060
5459|15461|7612797044964
5460|15462|7795320051063
5461|15465|7896261015449
5462|15466|7591062012399
5463|15467|7591062018629
5464|15468|7591062166191
5465|15469|7591873001353
5466|15470|7591519003833
5467|15472|7590019001745
5468|15474|7501109910533
5469|15475|7591875000033
5470|15476|7591875000019
5471|15477|7592432011196
5472|15478|7804955002279
5473|15479|4005800000577
5474|15480|7804955631905
5475|15481|7501298219004
5476|15482|4005800058479
5477|15484|7592262000520
5478|15485|7501109911134
5479|15486|7592262000841
5480|15487|7804955038049
5481|15488|7590019751107
5482|15490|646824109064
5483|15491|3582913025228
5484|15493|5000455017818
5485|15495|7591257014320
5486|15496|7592601101079
5487|15498|7501109910540
5488|15499|4032046001631
5489|15500|7703186027917
5490|15502|7592229003229
5491|15503|7321833291612
5492|15504|7592229003335
5493|15506|7591196004161
5494|15507|8806107604798
5495|15508|7591020007054
5496|15509|7703763861132
5497|15510|7795368055153
5498|15511|7591062013990
5499|15512|7592229003250
5500|15513|7592803002235
5501|15514|7592229002772
5502|15515|7592349785821
5503|15516|7591257014313
5504|15517|7707236670177
5505|15518|7591142000933
5506|15519|7592349785784
5507|15520|7591285000678
5508|15521|7591585112521
5509|15522|7592432009049
5510|15523|7590019002032
5511|15524|7590019001905
5512|15525|7592349785814
5513|15526|7591519007688
5514|15528|7591062012368
5515|15529|7591619000220
5516|15532|7592454001779
5517|15533|7501098605595
5518|15534|7592432008783
5519|15535|7591044407397
5520|15536|7730698005492
5521|15537|7592788000400
5522|15542|8427030002064
5523|15543|7703153012021
5524|15544|7591585118776
5525|15545|7592432011547
5526|15548|4048846004635
5527|15549|8901117043978
5528|15550|7592231001091
5529|15551|7431244360
5530|15552|7591020008099
5531|15553|7591165840158
5532|15554|7591585114341
5533|15557|7590019002025
5534|15558|669238000253
5535|15559|7501092779278
5536|15560|7501092720379
5537|15561|7591285000616
5538|15562|7591142001039
5539|15563|7795368055184
5540|15564|4048846003843
5541|15565|7592432011462
5542|15566|7594002109500
5543|15567|7591062017578
5544|15568|5413787111107
5545|15570|7592349932454
5546|15571|8901148216136
5547|15572|7591519007794
5548|15573|7730698008288
5549|15574|7592615001983
5550|15575|7591062017639
5551|15576|7501108765486
5552|15577|7501108765479
5553|15578|7592432008707
5554|15579|7592432009872
5555|15580|7592432006932
5556|15581|7590019002117
5557|15582|7590019002124
5558|15583|7590019002148
5559|15584|7590019002179
5560|15585|7590019002193
5561|15586|7594002081929
5562|15588|7591257014443
5563|15589|7591818215623
5564|15590|7590027001430
5565|15591|7730698006628
5566|15592|7591519007268
5567|15593|9002260015573
5568|15594|7592349848502
5569|15595|7591585112217
5570|15596|7592349785791
5571|15597|7592432008875
5572|15599|7590019001912
5573|15600|7591196004239
5574|15601|7591519005141
5575|15602|8901296007433
5576|15604|7591044447263
5577|15605|7591044447270
5578|15606|7592573001117
5579|15607|14457159051
5580|15608|14457159044
5581|15609|37000740087
5582|15611|646824113061
5583|15613|7592432017709
5584|15615|7592601201175
5585|15616|48107019075
5586|15617|8901315207912
5587|15618|8901117010079
5588|15620|7591196003942
5589|15621|7896548197844
5590|15622|7591165860330
5591|15623|4048846001481
5593|15625|7501092777175
5594|15626|7591142001046
5595|15628|7730979090230
5596|15630|7591585215482
5597|15634|7591096002243
5598|15637|7591585214287
5599|15638|7593437000017
5600|15640|7591285000388
5601|15641|7501298214658
5603|15643|5413787111114
5604|15644|612197220002
5605|15645|7591062017493
5606|15646|7592349720792
5607|15647|7591062017684
5608|15648|4048846001450
5609|15649|7591196004543
5610|15650|5050278003666
5611|15651|7590019002254
5612|15652|7591020008105
5613|15653|7592889000705
5614|15654|7591062017011
5615|15655|3515484271695
5616|15656|7591110000156
5617|15657|7591142000940
5618|15658|7501092793021
5619|15659|8901117134454
5620|15660|7592788000356
5621|15662|3499320000680
5622|15663|7501098605601
5624|15665|7591096002434
5625|15666|7591585111166
5626|15667|7592803002228
5627|15668|8901148216877
5628|15669|7800026045879
5629|15670|5413895021466
5630|15672|7703763165018
5631|15674|7501298214603
5632|15675|7795345012681
5633|15676|7591585219602
5634|15677|7592432010182
5635|15678|3282779030038
5636|15679|7703763393077
5637|15680|7703281001416
5638|15681|7592430000352
5639|15682|7590019010594
5640|15683|7592432011202
5641|15686|8901148228702
5643|15688|7591062011118
5644|15689|7703763324088
5645|15690|7592229003564
5646|15691|7592229003502
5647|15693|7592349956610
5648|15694|7592349900132
5649|15695|NULL
5650|15696|7730979091480
5651|15697|7591044911870
5652|15698|7501109910557
5653|15701|7591257014535
5654|15702|7591257014344
5655|15703|7592637005747
5656|15705|7592637005112
5657|15706|7592454001243
5658|15707|7591585271617
5659|15708|7702605200801
5660|15710|7591165880178
5661|15711|7591619000213
5662|15713|7591519005769
5663|15714|7591165860200
5664|15715|7591165860439
5665|15717|7707236679279
5666|15718|7591165860385
5667|15719|7591165860323
5668|15720|7591165860446
5669|15721|7591165860408
5670|15723|7591165860101
5671|15724|7592228001356
5672|15725|7591519004885
5673|15726|7591243801408
5674|15728|7591585116710
5675|15729|7795312100090
5676|15730|7591585978172
5677|15731|7592349948059
5678|15732|278004892000
5679|15733|7592432017686
5680|15734|7591020008297
5681|15736|7594002081745
5682|15737|7591519004038
5683|15738|7591585961235
5684|15739|7591585214935
5685|15740|7592454000642
5686|15741|7592454000628
5687|15742|7592454000444
5688|15743|7592454000437
5689|15744|733739100047
5690|15745|8901148222465
5691|15746|7591243807899
5692|15749|7591592391162
5693|15750|7592432011530
5694|15752|7501092760016
5695|15754|7591519005646
5696|15755|7591519005653
5697|15757|7501165006072
5698|15758|7591585978165
5699|15759|7592454000215
5700|15760|7592616013053
5701|15761|7592454000222
5702|15762|8901148222922
5703|15763|646824120106
5704|15764|74312820601
5705|15768|7590019002377
5706|15769|7501124814120
5707|15770|7591585114396
5708|15771|755244035560
5709|15772|733739104960
5710|15773|7730698000886
5711|15774|7591062010401
5712|15776|7591585216335
5713|15777|7707236676513
5715|15779|7591585215345
5716|15780|7591585815347
5717|15781|7591873000523
5718|15783|7321833291629
5719|15785|7591519006698
5720|15786|7591519006704
5721|15787|7891058011451
5722|15789|7591585173157
5723|15790|7591519003802
5724|15791|7591020008235
5725|15792|7591585970534
5726|15793|7501092777151
5727|15794|7591142001053
5728|15795|7591585115300
5729|15796|7592432010274
5730|15797|7591592457868
5732|15799|7591257014368
5733|15800|7592601301486
5734|15801|7591585112439
5735|15802|7592454000772
5736|15803|7594000491515
5737|15804|7592454000796
5738|15806|7592637005594
5739|15807|7591585214706
5740|15808|3582910023630
5742|15810|7592229003540
5743|15811|7592229003533
5744|15812|7593160000070
5745|15813|8044000010722
5746|15814|8044000010760
5747|15815|7592349831795
5748|15817|7592349831832
5749|15819|7592432017693
5750|15821|7592454001687
5751|15822|7591519008135
5752|15823|7592454000499
5753|15824|7591585261236
5754|15825|7591257004611
5755|15826|7591257000897
5756|15827|7592616110615
5757|15828|7591519006292
5758|15829|7591519005042
5759|15830|7592454001113
5761|15832|7703153019938
5762|15833|7591585973474
5763|15834|7591585879462
5764|15835|7591585279460
5765|15837|7592806133530
5766|15838|7591955000052
5767|15839|7592916001071
5768|15841|7592916001033
5769|15842|7590019000816
5770|15843|7590019000823
5771|15844|9002260003082
5772|15845|7793640676591
5773|15846|4048846001672
5774|15847|3433422403659
5775|15848|3573991544909
5776|15850|74300000718
5777|15851|7591165880468
5778|15853|7592803002082
5779|15854|7592803002075
5780|15856|7591196000705
5781|15857|7592349848694
5782|15858|9002260017553
5783|15861|7591585875860
5784|15862|7591585175892
5785|15863|7591519005172
5786|15864|7591142000896
5787|15865|646824115065
5788|15866|7591062018650
5789|15867|7591110206121
5790|15868|8711141840494
5791|15869|7591585413642
5792|15870|7592432000046
5793|15871|7591257014337
5794|15872|7591585818751
5795|15873|7591585518743
5796|15874|7591099166201
5797|15875|7703763393053
5798|15876|7592454001311
5799|15877|7592616576213
5800|15878|7592803000279
5801|15879|7591585114334
5802|15880|7591062112259
5803|15881|7591585410221
5804|15884|7591585975645
5805|15885|7703763100149
5806|15886|7591136008716
5807|15887|7591519004021
5808|15888|7592616576145
5809|15889|7703153003920
5810|15890|7703763466030
5811|15891|7591585219619
5812|15892|7591585119605
5813|15893|7441033661425
5814|15896|7592889000309
5815|15897|7591165910295
5816|15898|7591165910325
5817|15899|7795312108102
5818|15900|3582910040095
5819|15902|7592229003571
5820|15904|7592803002280
5821|15905|7592803002051
5822|15907|7501109910519
5823|15908|7591096002052
5824|15909|7591585174208
5825|15910|302993921165
5826|15911|7897930766099
5827|15912|3499320003254
5828|15913|302993923046
5829|15914|3499320003223
5831|15918|7591062013167
5832|15921|7591062010760
5833|15922|7594001330172
5834|15923|7591519005059
5835|15924|7591519005066
5836|15925|7592803001962
5837|15928|7590019010587
5838|15929|7592432011080
5839|15930|7592432011066
5840|15931|7591585414618
5841|15932|7591585814616
5842|15933|7591873000431
5843|15934|7592229003168
5844|15935|7591585914613
5845|15936|7592228002100
5846|15937|7592228002414
5847|15939|7501109906000
5848|15940|7592430000505
5849|15941|7592231002074
5850|15942|7591519002621
5851|15943|7591585870162
5852|15945|7592616576169
5853|15948|7592637000100
5854|15950|7795304000681
5855|15951|7591257014450
5856|15952|7591062010555
5857|15953|7591585973665
5858|15954|7591519001716
5859|15955|7730979091282
5860|15956|7592454001854
5861|15957|7592454000833
5862|15958|7592573001063
5863|15959|7592573001087
5864|15960|7592573001070
5865|15962|7591585219930
5866|15963|733739104557
5867|15964|755244043664
5868|15965|646824103062
5870|15967|9002260003112
5871|15968|7591365000468
5872|15969|7591257014375
5873|15970|7591062017301
5874|15971|7591062018636
5875|15973|7441033699527
5877|15975|7592454001441
5878|15976|5000455019416
5879|15977|5000455019003
5880|15979|7592349948622
5881|15980|733739100245
5882|15981|7592573001506
5883|15982|7592573001483
5884|15983|7591062112242
5885|15984|646824127068
5886|15985|755244070318
5887|15987|7591257002419
5888|15988|7591257002433
5889|15992|7591096002083
5890|15993|7707236673468
5891|15994|7592637005365
5893|15996|7591585115485
5894|15998|7590019002162
5895|15999|7590019002186
5896|16000|7591096002403
5897|16001|733739100061
5898|16002|755244061866
5899|16003|7591096001284
5900|16004|7592432009902
5901|16005|7592803001207
5902|16006|7590027001881
5903|16007|7594000491102
5904|16008|7592229002765
5905|16009|7591099404303
5906|16010|7591585218926
5907|16011|7591585318732
5908|16013|7591585914408
5909|16014|7592803001948
5910|16015|7591585177513
5911|16016|7591585279248
5912|16017|7591585973962
5913|16018|7592454000260
5914|16019|3499320001298
5915|16020|7591257014559
5916|16021|7591519006605
5917|16022|7592432008899
5918|16025|7592229003526
5919|16026|7592229003496
5920|16027|7594001390046
5921|16028|7591099115100
5922|16029|7591099115001
5923|16030|7591585978523
5924|16032|7592454141093
5925|16033|7591519003826
5926|16034|7592454141079
5927|16035|7594000020593
5928|16036|7591062010319
5929|16038|7591099214506
5930|16039|7592228002193
5931|16040|755244070318
5932|16041|8901296009215
5933|16046|7592025101402
5934|16047|7591585111562
5935|16048|7591062010258
5936|16049|7591110000163
5937|16050|8427030001906
5938|16051|8427030003603
5939|16052|612197611206
5941|16054|7592454001151
5942|16055|7591519006124
5943|16056|7590019751091
5944|16057|7590019001455
5945|16058|7592432010366
5946|16059|7592432000060
5947|16060|7592229001324
5948|16061|7591099158909
5949|16062|7591257000989
5950|16063|9002260014552
5951|16064|7592616576282
5952|16065|7592229003304
5953|16066|7592229001799
5954|16067|7592637006591
5955|16068|7592637003057
5956|16069|3838957046034
5957|16071|7592221000271
5958|16072|7703153016937
5959|16073|7703153016975
5960|16074|7800026028490
5961|16075|7591585215420
5962|16076|7593160000056
5963|16078|7592432003023
5964|16081|4104480706097
5965|16084|7896261001435
5966|16089|7591585416254
5967|16090|7703153014247
5968|16091|7592803001177
5969|16092|7594002081707
5970|16094|7591585178923
5971|16095|7591519005196
5972|16097|7592616576244
5973|16098|7592454000185
5974|16099|7591136009133
5975|16101|755244066021
5976|16102|669238000475
5977|16103|7592349940374
5978|16104|7592573000363
5979|16105|7592573001124
5980|16107|14457112315
5982|16113|7592889000507
5983|16117|7591062010234
5985|16119|7730698005508
5986|16120|7592889000583
5987|16121|7592637006348
5988|16122|70501096505
5989|16123|7501098606189
5990|16125|7591585978431
5991|16127|7591165840073
5992|16128|7591165840028
5993|16129|7592116000256
5994|16130|7594003280048
5995|16131|7591204533218
5997|16134|7592803002068
5998|16136|7592507000124
5999|16138|733739110411
6000|16139|766961242506
6001|16140|708669111333
6002|16141|7592454163699
6003|16143|7591585311955
6004|16144|7591585111609
6005|16145|7591585818775
6006|16147|7592228002520
6007|16148|7730979091442
6008|16150|7703333007038
6009|16151|7703333007007
6010|16152|7592454001205
6011|16153|7896016806636
6012|16154|70074520711
6013|16155|7591585218957
6014|16157|7591020008303
6015|16159|7591196001498
6016|16160|7592349831771
6017|16161|7591519006322
6018|16163|7591196000095
6019|16168|7592889000491
6020|16169|7590019002551
6021|16170|7591110884084
6022|16173|755244010567
6023|16175|4048846001498
6024|16176|4048846001467
6025|16177|7592229002888
6026|16178|8901315208018
6027|16179|7703153018757
6028|16180|7592620000124
6029|16181|7591044000789
6030|16182|7591585879615
6031|16184|7592229003519
6032|16185|7896548197547
6033|16186|7896548197769
6034|16188|7592349938494
6035|16189|7592637005037
6036|16190|5050278421200
6037|16191|7441145400813
6038|16193|7591577000409
6039|16195|7501092777168
6040|16196|7591585170286
6041|16197|7591585970282
6042|16198|7594002252213
6043|16199|7861004506522
6044|16200|7591142000643
6045|16203|7730698005911
6046|16204|5010706009295
6047|16205|7730698008554
6048|16206|7591044407526
6049|16208|7591955003053
6050|16210|7592349900125
6051|16211|7730979091459
6052|16212|7591165910301
6053|16213|7703332003314
6054|16214|669238000482
6055|16215|7501092720133
6056|16216|7592785000335
6057|16217|8902501009044
6058|16218|646824137067
6059|16219|7592349947557
6060|16220|7703333007809
6061|16222|7592782000406
6062|16223|7592803001818
6063|16225|8902501006999
6064|16226|7591257001481
6065|16227|755244057579
6066|16230|7592637006744
6067|16231|7703153020873
6068|16232|7591257014429
6069|16233|7591165840097
6070|16234|7591592457783
6071|16236|7591165850096
6072|16238|7591165850089
6073|16244|7592349718362
6074|16246|7590019002094
6075|16247|7592228002209
6076|16248|7592228002599
6077|16252|7591585270764
6078|16254|7703763650521
6079|16255|755244094321
6080|16256|733739103062
6081|16257|7590019000540
6082|16258|5997086104737
6083|16259|7441129800219
6084|16260|7501124815158
6085|16261|7501124813239
6086|16262|7592803000613
6087|16263|7592803002020
6088|16264|7501089817013
6089|16268|7590027001621
6090|16269|7591585316257
6091|16270|7703153019952
6092|16271|7590027001362
6093|16275|7591585978929
6094|16276|7592616576237
6095|16277|7592616576312
6096|16278|7592616576381
6097|16280|7592616576374
6098|16282|7703763190195
6099|16283|7591044400947
6100|16284|7592349940299
6101|16285|7592349953725
6102|16286|7592573000622
6103|16287|7592573000547
6104|16289|7592637006423
6105|16290|7590019010334
6106|16291|7592454000208
6107|16294|3499320001984
6108|16295|4048846005441
6109|16296|7795368055252
6110|16299|669238000246
6111|16300|3583313345190
6112|16301|766961200643
6113|16302|766961226506
6114|16303|7592804001800
6115|16304|7591062013266
6116|16306|669238000260
6117|16307|733739100139
6118|16308|766961242254
6119|16309|7591585114921
6120|16310|7591585214928
6122|16312|7593434000010
6123|16313|3433422403673
6124|16322|8904091147625
6125|16324|77959900011008
6126|16325|7591044001342
6127|16326|7501033952920
6128|16327|7501033952913
6129|16328|7592349785777
6130|16333|7591257001689
6131|16340|7592507000575
6132|16341|669238000499
6133|16342|7669892220564
6134|16345|8901117191372
6135|16346|NULL
6136|16347|7591585614759
6137|16348|7591577000416
6138|16349|7591577000164
6139|16351|7591577000362
6140|16353|8710428020468
6141|16356|7591285000630
6142|16357|7591285000647
6143|16358|3401573670633
6144|16359|3401573670862
6145|16360|3401573696657
6146|16361|7591585918772
6148|16367|7592229002390
6149|16370|7592803002242
6150|16371|7592804002098
6151|16372|7592349717983
6152|16374|7592349785807
6153|16375|7592803002099
6154|16377|7591165820532
6155|16378|7591165820549
6157|16380|7592520000033
6158|16381|3556610000260
6159|16382|7591585114297
6160|16383|7591062014461
6161|16384|7501082208153
6162|16385|755244014213
6163|16386|766961201091
6164|16387|733739105035
6165|16388|755244014138
6175|16400|7501233286795
6177|16403|74300000695
6178|16404|7592454001755
6180|16406|7591585110107
6181|16407|3393370026136
6182|16409|7669892220939
6183|16411|7591577000225
6184|16412|7591577000553
6185|16413|7796285053727
6186|16417|NULL
6187|16420|8470007807599
6188|16421|74312803000
6189|16422|8904091148509
6190|16426|3433422408227
6191|16428|7592262000834
6192|16432|4005800024085
6193|16433|4005808131990
6194|16434|7804955036182
6195|16435|7591585215376
6196|16436|646824141064
6197|16437|7591955000502
6198|16438|7592231001589
6199|16439|7592432001913
6200|16440|3401343613389
6201|16442|5012617014412
6202|16443|3499320003087
6203|16444|7591585112606
6204|16445|7591585112590
6205|16446|7591585167811
6206|16447|7591585267818
6208|16449|7592432017884
6209|16450|7800026026625
6210|16451|7592637007581
6211|16452|7592262000407
6212|16453|7592637007765
6213|16454|8901148213906
6214|16455|7591585116956
6215|16456|7501092700234
6216|16458|8427030001913
6217|16459|7592916001095
6218|16460|7592432008677
6220|16462|7592430000383
6221|16463|733739100283
6222|16464|733739100214
6223|16465|7591062017721
6224|16466|8902501006951
6225|16467|7592826000089
6226|16468|300081218012
6227|16469|7591020006873
6228|16470|7591020006897
6229|16471|7795990001818
6230|16472|8470003078931
6231|16473|8470000633331
6232|16474|7592306000233
6233|16475|7592306000226
6234|16476|7592306000165
6235|16477|7592306000172
6236|16478|7592306000288
6237|16479|300085360021
6239|16481|7501009070450
6240|16482|646824106063
6241|16483|7592432010342
6242|16485|7592432010359
6243|16487|7896070601543
6244|16488|7592788000431
6245|16489|7592788000448
6246|16490|7730698007212
6247|16491|7730698007229
6248|16492|7730698007236
6249|16493|7730698007243
6250|16494|7592955000141
6251|16495|5702180951176
6252|16496|7592955000103
6253|16497|7592889000446
6254|16498|7501124815189
6255|16499|8901117041455
6256|16500|7592349720679
6257|16501|7592430000390
6258|16502|7592430000444
6259|16503|7795368000160
6260|16504|7707236675882
6261|16505|7703153012007
6262|16506|7612729000648
6263|16507|646824148063
6264|16508|733739100184
6265|16509|669238000031
6266|16510|7372707450055
6267|16511|733739100153
6268|16512|733739100191
6269|16513|733739100238
6270|16515|7592946001164
6271|16517|8901296010198
6272|16518|7592307000065
6273|16519|7592349944419
6274|16520|7592349944587
6275|16521|7591519008128
6276|16522|7591196003195
6277|16523|7592020112496
6278|16524|3286017000074
6279|16525|7591062017370
6280|16526|7591585110121
6281|16527|7591165910424
6282|16528|697177004438
6283|16529|7591165860316
6284|16531|8904091148004
6285|16532|8904091148011
6286|16533|7591241800939
6287|16534|7501108782629
6288|16535|7591099156202
6289|16536|7591196004451
6290|16537|7591619163031
6291|16538|7592601100645
6292|16539|7592020115459
6293|16540|755244059764
6294|16541|755244059726
6295|16542|7592601201120
6296|16543|7592020117828
6297|16544|7592349720129
6298|16545|7592349720426
6299|16546|733739000118
6300|16547|7591519006674
6301|16548|7591519004861
6302|16549|7591519004878
6303|16550|7592020115077
6305|16552|7592804003439
6306|16553|7591585816238
6307|16554|7591818210185
6308|16555|7591818715611
6309|16556|7591818210178
6310|16557|7591242801669
6311|16558|7592231002098
6312|16559|7592637007642
6313|16560|7592804002449
6314|16561|7706263001657
6315|16562|7706263001671
6316|16563|7592309000032
6317|16564|7592432017785
6318|16565|7592785000236
6319|16566|7592349956245
6321|16568|8901117011397
6322|16569|7501098606363
6323|16570|7501098606370
6324|16571|7501098606356
6325|16572|7591257003089
6326|16573|7591257004536
6327|16574|7592432017716
6328|16575|7592349831955
6329|16576|7591585114280
6330|16577|7592637003705
6331|16578|7591196003829
6332|16579|8901296007471
6333|16580|8901296007501
6334|16581|7592432009407
6335|16582|7594001101352
6336|16584|7702123000471
6337|16585|7591165910417
6338|16586|7592916001118
6339|16587|7592916000852
6340|16588|7592916000869
6341|16589|7592432017877
6342|16590|7591244804323
6343|16591|8470007260677
6344|16592|7591585114761
6345|16593|7591585114785
6346|16594|7591585914934
6347|16595|7592804003576
6348|16596|7592804003569
6350|16599|7591519008159
6351|16601|8470000735868
6352|16602|7591062017189
6353|16603|7591062017219
6354|16604|7592454000635
6355|16605|7592454000659
6356|16606|7592946012986
6357|16607|7592946005858
6358|16608|7592454000703
6359|16609|7592454000710
6360|16610|7591062013082
6361|16611|7703381500802
6362|16612|7730979090889
6363|16613|7730979090544
6364|16614|7591585218766
6365|16615|7591585318763
6366|16616|7592349956214
6367|16617|7592349956221
6368|16618|7592601100751
6369|16619|7592601100744
6370|16620|7591519008487
6371|16621|8904091100118
6372|16622|8904091105816
6374|16624|8904091119806
6375|16625|7592637005372
6376|16626|7592349831870
6377|16627|7592349831979
6378|16628|7592349831900
6379|16629|7592349832792
6380|16630|8901148216853
6381|16631|7592432017853
6382|16632|7592432017860
6383|16633|8901127012568
6384|16634|8901127012575
6385|16635|8901127012551
6386|16636|7591585212306
6387|16637|7591062017646
6388|16638|8901148221796
6389|16639|8901148221819
6390|16640|8901148221833
6391|16641|646824104069
6392|16642|7592573000387
6393|16643|7591257014771
6394|16644|7669892220526
6395|16645|7591585166975
6396|16646|7592637003972
6397|16647|8901530001197
6398|16648|8901530001173
6399|16649|7501082242294
6400|16650|7592432009896
6401|16651|7592803000118
6402|16652|7592803002303
6403|16653|7592637000209
6404|16654|8470003395069
6405|16655|7592432009889
6406|16657|7592020125359
6407|16658|7591519007657
6408|16659|7591519007220
6409|16660|7594000491621
6410|16661|8901079005410
6411|16662|7592637006287
6412|16663|7592616576329
6413|16664|7592616576336
6414|16665|7591519007817
6415|16666|7591020007856
6416|16667|7592601301394
6417|16668|7591585974402
6418|16669|8901127012643
6419|16670|7591020008037
6420|16671|7591585977458
6421|16672|759261611035
6422|16673|7590027001188
6423|16674|9002260017157
6424|16675|4005800635809
6425|16676|7706263001718
6426|16677|3582913026584
6427|16678|7591818215609
6428|16679|7592349949537
6429|16680|7707236674953
6430|16681|7592454001168
6431|16682|7591165840103
6432|16683|7730698007175
6433|16684|7730698007151
6434|16685|7730698007168
6435|16686|7730698005409
6436|16687|7730698005133
6437|16688|7591585918734
6438|16689|7730698007144
6439|16690|7730698007120
6440|16691|7730698007137
6441|16692|7591585965646
6442|16693|7591585965653
6443|16694|7591585965639
6444|16695|7796285054731
6445|16696|7796285054748
6446|16697|7702605201754
6447|16698|7702605201488
6448|16699|7460536554966
6449|16700|7460536554959
6450|16701|7460536554942
6451|16702|75902476
6452|16703|7592785000458
6453|16705|7591309002756
6454|16707|8904091102808
6456|16709|7703281008422
6457|16710|7703281008439
6458|16711|7592432008523
6459|16712|7703763393046
6460|16713|7592616579016
6461|16714|7591585177469
6462|16715|7592020126158
6463|16716|8901296018156
6464|16717|7591243811711
6465|16718|8470000152832
6466|16719|7592782000482
6469|16722|7702605201235
6470|16723|7591136001144
6471|16724|7591136001151
6472|16725|7702605200757
6473|16727|7591585979247
6474|16728|7592616160047
6475|16729|7591585278258
6476|16731|7592803001993
6477|16732|7591585219275
6478|16733|7591585819246
6479|16734|7591585218254
6480|16737|7800026009246
6481|16738|7591519005257
6482|16739|7592349923049
6483|16740|7592349832570
6484|16741|7592637007604
6485|16742|7702418004290
6486|16743|7702418004306
6487|16744|7590027001843
6488|16745|7592804003446
6489|16746|7592803002112
6490|16747|7592803002211
6491|16748|7703763457038
6492|16749|7703763457045
6493|16751|8901296009109
6494|16752|7592229003557
6495|16753|7591020006330
6496|16754|7591020006491
6497|16755|7730698007632
6498|16756|7730698007649
6499|16757|7730698006949
6500|16758|7702605200238
6501|16759|737513200909
6502|16761|3582910032397
6503|16762|7591257014672
6504|16763|7592432010106
6505|16764|7592432010113
6506|16765|7702605200245
6507|16766|8901117052710
6508|16767|8901117052703
6509|16768|7591585179609
6510|16769|7591585879615
6511|16770|7592616576435
6512|16771|3700039500393
6513|16772|7591585915375
6514|16773|7592231002067
6515|16774|7592231002050
6516|16775|7590019751114
6517|16776|7590019002247
6518|16777|7592616196053
6519|16778|7703281000136
6520|16779|7703281000129
6521|16781|7592616658018
6522|16782|7592616576046
6523|16783|7592616204017
6524|16784|7592616198019
6525|16785|7592616203010
6526|16786|7592804003675
6527|16787|7591585912213
6529|16789|7796285053734
6530|16790|7591955003077
6531|16791|7795345121062
6532|16792|7795345121079
6533|16793|7592020114254
6534|16794|8902501006821
6535|16795|8902501006838
6536|16796|7591519007695
6537|16797|7591585110732
6538|16798|7592955000226
6539|16799|7592637005624
6540|16800|311845122353
6541|16802|7592637005525
6542|16803|7591955000496
6543|16804|7896261017498
6544|16805|7594001420323
6545|16806|7592637003897
6546|16807|7592637003903
6547|16808|7591020006644
6549|16810|8901117062238
6550|16811|7591818034026
6551|16812|7592782000413
6552|16813|7592803002105
6553|16814|7702605202249
6554|16815|8901127008257
6555|16816|8901127008264
6556|16817|7592955000110
6557|16818|7591585179647
6558|16819|9002260015634
6559|16820|9002260015641
6560|16821|7591585110800
6561|16822|733739100108
6562|16823|7702605200290
6563|16824|7591585116598
6564|16827|7861148020472
6565|16828|7861148020434
6566|16829|7861148020441
6567|16830|7730979092197
6568|16831|8904091150380
6569|16832|8904091150397
6570|16833|8904091147632
6571|16834|8904091147649
6572|16835|8904091147601
6573|16836|8904091147618
6574|16837|8904091103805
6575|16838|7592616214016
6576|16839|7594002081585
6577|16840|7591519004922
6578|16841|7591136009270
6579|16842|7592616576022
6580|16843|7592616576039
6581|16844|7591136009263
6582|16845|7591136009324
6583|16846|7592616576251
6584|16847|7591585271525
6586|16849|8901148221949
6587|16850|8901148221925
6588|16851|8904091147809
6589|16852|7591020008006
6590|16853|7591020008013
6591|16854|7592349848380
6592|16855|7592349848373
6593|16856|7592349848403
6594|16857|7592349848397
6595|16858|7591165850171
6596|16859|7591165850164
6597|16860|7703763200610
6598|16861|7592601101086
6599|16863|8901127009759
6600|16865|8901127012582
6601|16866|7592803002099
6602|16867|7592020141458
6603|16868|7592020141465
6604|16869|7592616580043
6605|16870|7592616579023
6606|16871|7591519005943
6607|16872|7591519007701
6608|16873|7591020008112
6609|16874|7591020008518
6610|16875|7592349720570
6611|16876|7703991000037
6612|16877|7501124891107
6613|16878|7592309000025
6614|16879|7591519008869
6615|16880|7591519006162
6616|16881|7591020008044
6617|16882|7591020008051
6618|16883|7592349957112
6619|16884|7591818237205
6620|16885|7591818237212
6621|16886|7591818237229
6622|16887|7591136001182
6623|16888|7591519008586
6624|16889|7592637005129
6625|16891|7592601300588
6626|16892|7591585977694
6627|16893|7702605200344
6628|16894|7592601201182
6629|16896|7592432011523
6630|16897|7501298216898
6631|16898|7592349943429
6632|16899|7592804003323
6633|16900|7591585214294
6635|16902|7591519007145
6636|16903|7591519007336
6637|16904|7795345000022
6638|16905|7795345000039
6639|16906|7795345000053
6640|16907|7702605200924
6641|16908|7592432017655
6642|16909|7592432001937
6643|16910|7730698005065
6644|16911|7591955003060
6645|16912|8470000216992
6646|16913|8901111006672
6647|16914|8901111538210
6648|16915|8901111007921
6649|16916|8901111537213
6650|16917|8901111005644
6651|16918|7592804001794
6652|16919|7591818244111
6653|16920|7591818244128
6654|16921|7594000491225
6655|16922|7594000491232
6656|16923|7594000491218
6657|16924|7591955002902
6658|16925|7730698007007
6659|16926|792734000059
6660|16927|7501088507724
6661|16928|7590027001379
6662|16929|7702605200375
6663|16930|7702605202256
6665|16932|7591096002250
6666|16933|7591136009430
6667|16934|7591585189356
6668|16936|7702605200405
6669|16937|7592803002013
6670|16938|8901296010730
6671|16939|7703763280544
6672|16940|8901530001272
6673|16941|8901148223431
6674|16942|8901148223400
6675|16943|8901148223417
6676|16944|7591020001328
6677|16945|7594002081592
6678|16946|7591585378637
6679|16947|7703153019969
6680|16948|7592454153263
6681|16949|7591585978639
6682|16950|7730698005751
6683|16951|8901296009710
6684|16952|7592804003699
6685|16953|7591243829785
6686|16954|7591243830026
6687|16955|7591243830057
6688|16956|7591243830088
6689|16957|7591585914880
6691|16959|7592432011615
6692|16960|7592432011622
6693|16961|7592432011639
6694|16962|7592782000475
6695|16963|7591165870063
6696|16964|7590027002048
6697|16965|8901148221130
6698|16966|8901148226180
6699|16967|7703763363049
6701|16969|7591392830267
6702|16970|8809032120654
6703|16971|3838957042807
6704|16972|7591257002099
6705|16973|7591257002105
6706|16974|7702605200412
6707|16975|8902501007781
6708|16976|8902501007750
6709|16977|8902501009037
6710|16978|7592020123133
6711|16979|7591519008609
6712|16980|7591519008593
6713|16981|7591818248126
6714|16982|7796285053758
6715|16983|7591096003158
6716|16984|7592803001672
6717|16985|7592803001733
6718|16986|7592803001726
6719|16988|7592020111239
6720|16989|7594001101444
6721|16990|7594001101383
6722|16992|7591020007290
6723|16993|7702605200429
6724|16995|7592432008028
6725|16996|7591196002990
6726|16997|7591020007276
6727|16998|7702605200955
6728|16999|7592020110515
6729|17000|7591020007283
6730|17001|7592454001076
6731|17002|7591585973788
6732|17003|7592454001663
6733|17004|7591585178732
6734|17005|7591585978738
6735|17006|7702605200436
6736|17007|7591136009041
6737|16094|7591585178954
6738|17009|7591136009140
6739|17010|7591136009201
6740|17012|7591020007498
6741|17013|7591136008983
6742|17014|7591020007481
6743|17015|7592616366043
6744|17016|7591136009195
6745|17017|7592349720891
6746|17018|7591044407427
6747|17019|7591044407465
6748|17020|7591243832471
6749|17021|7591243832495
6750|17022|7730699001127
6751|17023|733739104564
6752|17024|733739100085
6753|17025|7592573000554
6754|17026|7591585913906
6755|17027|8027950230150
6756|17028|7592116000096
6757|17029|7592349954142
6758|17030|7592349954227
6759|17031|7591241833456
6760|17032|7594000260609
6761|17033|7592616375014
6762|17034|7593068000103
6763|17035|7592826000096
6764|17036|7592637007598
6765|17037|7591585174680
6766|17038|7591136001229
6767|17039|7591585177766
6768|17040|7702605201426
6769|17041|4048846002327
6770|17042|8904091148608
6771|17043|8904091148707
6772|17044|8904091148301
6773|17045|7592637003323
6774|17046|7594000491607
6775|17047|4048846003539
6776|17048|7501091440254
6777|17049|7415100400316
6778|17050|7591519007770
6779|17051|7702605201952
6780|17052|8901117134829
6781|17053|8901117135178
6782|17054|8901117133013
6783|17055|7703153022648
6784|17056|7702605201570
6785|17057|7702605201792
6786|17058|7703153023393
6787|17059|7703153022655
6788|17060|7703763220106
6790|17062|7703763220236
6791|17063|7591196004093
6792|17064|7591196004109
6793|17065|7592432000039
6794|17066|7591519008289
6795|17067|7590027001966
6796|17068|7703763476046
6797|17069|7592889000767
6798|17070|7592573001469
6799|17071|7592601301448
6800|17072|7591519006155
6801|17073|7592601101116
6802|17074|7591086000891
6803|17075|7591086900016
6804|17076|7702605200788
6805|17077|7702605201709
6806|17078|7591196003140
6807|17079|7591196003027
6808|17080|7592804003392
6809|17081|7592803002037
6811|17083|7592803002044
6812|17084|7592803002273
6813|17085|7592229003601
6814|17086|7592229003595
6815|17087|7592229003618
6816|17088|7501098606196
6817|17089|7592804000254
6818|17091|7591020008280
6819|17092|7591020008273
6820|17093|7591585117847
6821|17095|7591585175717
6823|17098|7592349721058
6824|17099|7591204529211
6825|17100|NULL
6826|17101|7591585117984
6827|17102|7592432007717
6828|17103|8470001918178
6829|17104|8413640025616
6830|17105|8470001833761
6831|17106|7591585110305
6832|17107|7591062017707
6833|17108|7591062017691
6834|17109|7592804001121
6835|17110|8470000855559
6836|17111|8470000152900
6837|17112|8470000225161
6838|17113|3838957044610
6839|17114|3838957044603
6840|17115|3838957044627
6841|17116|3838957044597
6842|17117|74312838323
6843|17118|7592616920016
6844|17120|7592020112199
6845|17122|7590027001041
6846|17123|7703153021450
6847|17124|7591136000345
6848|17125|8906000020555
6849|17127|8901148220577
6850|17128|8901148224124
6851|17129|7590019002544
6852|17130|7591585275486
6853|17131|7591585975485
6854|17132|7592454001946
6855|17133|7591020008150
6856|17134|7591196003263
6857|17135|7592432011073
6858|17136|7592432011097
6859|17137|7441145400332
6860|17138|7594002080786
6861|17139|7592454183277
6862|17140|8901296013441
6863|17141|7591585970299
6864|17142|8901086160478
6865|17143|8901086160508
6866|17144|7796285053185
6867|17145|7592955000257
6868|17146|7441145400899
6869|17147|7441145400912
6870|17148|7441145401438
6871|17152|7501033956423
6872|17154|7501033956430
6873|17157|7594000491249
6874|17158|3838957036394
6875|17159|7592601101154
6876|17160|7591585914743
6877|17161|7591585814753
6878|17162|7591585114778
6880|17164|7592803002396
6881|17165|7592020147559
6882|17166|7702605200771
6883|17167|7702605200535
6884|17168|7702605202096
6885|17169|7702605200528
6886|17170|8901148226081
6887|17171|8901148226074
6888|17173|7730979091398
6889|17174|7730979091381
6890|17175|7800026010914
6891|17176|7800026010945
6892|17177|7592349499384
6893|17178|7703281000112
6894|17179|7593068000011
6895|17180|7702605202171
6896|17181|7591585119766
6897|17182|7591585117199
6898|17183|7703097909024
6899|17184|7730979090254
6900|17185|7590027001867
6901|17186|7592637006317
6902|17187|7592637006324
6903|17188|7791848906090
6904|17189|7791848906113
6905|17191|7702605200542
6906|17192|7702605200559
6907|17193|7592432008127
6908|17194|7591818568231
6909|17195|7590019002131
6910|17196|7590019000144
6911|17197|7591142000780
6912|17198|7591142000971
6913|17199|7896255701280
6914|17200|7592637006775
6915|17201|8901148215061
6916|17202|7591585114532
6917|17203|7592636000255
6918|17204|7591873001735
6919|17205|7591873001742
6920|17206|7501100076078
6921|17207|7591096002199
6922|17208|7591096002212
6923|17209|7591096002175
6924|17210|8901148212718
6926|17212|7591136009560
6927|17214|7592228002322
6928|17215|7592228002339
6929|17216|7501092720164
6930|17217|8901148223554
6931|17218|8901148223561
6932|17219|8901148223578
6933|17220|7591585178770
6934|17221|7703763458042
6935|17222|7592432011691
6936|17223|7592432011707
6937|17224|7730698008165
6938|17225|7590019010310
6939|17226|7590019010327
6940|17227|7590019001356
6941|17228|7590019001363
6942|17229|8906000020531
6943|17230|7592349848700
6944|17231|7795345012698
6945|17232|7460536556953
6946|17233|7460536556977
6947|17234|7460536556960
6948|17235|7460536557172
6949|17236|7703153019914
6950|17237|7591020008181
6951|17238|7702605201464
6952|17239|7594001101475
6953|17240|7796285053741
6954|17241|7592432011295
6955|17242|7592432011189
6956|17243|7592432011301
6957|17244|8901148223486
6958|17245|8901148223493
6959|17246|8901117191389
6960|17247|5000455019034
6961|17248|7702605201556
6962|17249|7702605201549
6964|17251|7795345011523
6965|17252|7795345011516
6966|17253|7703153018153
6967|17254|7592454001120
6968|17255|7591585976529
6969|17256|7703763164233
6970|17257|7591585976536
6971|17258|7703763164103
6972|17259|7702605200993
6973|17260|7702605200573
6974|17261|7592454000239
6975|17262|7594001101413
6976|17263|7591020006835
6977|17264|7592349955545
6978|17265|7702605201327
6979|17266|7592349955620
6980|17267|7591585977380
6981|17268|9002260015627
6982|17269|7702605201358
6983|17270|7592349955705
6984|17271|7592349955712
6985|17272|8901296005996
6986|17273|8902501009167
6987|17274|7592782000437
6988|17275|7592782000451
6989|17276|8902501006814
6990|17277|8902501009068
6991|17278|7592637005730
6992|17279|7591585216960
6993|17280|7591243848397
6994|17281|7591243848359
6995|17282|7590019002612
6996|17283|7592349720617
6997|17284|7592349720624
6998|17285|7592349720631
6999|17286|8902501007095
7000|17287|7592637006720
7001|17288|7591585377944
7002|17289|7592454001304
7003|17290|7590027001454
7004|17291|7592454001359
7005|17292|7592229003083
7006|17293|7592229003076
7007|17295|7593434000126
7008|17298|7591136000956
7009|17299|7593434000119
7010|17302|300651431537
7011|17303|7592637003330
7013|17305|7592803001825
7014|17306|8902501006760
7015|17307|75919528
7016|17308|7501092700227
7017|17309|7591585318565
7018|17310|7591585218568
7022|17315|7592955000189
7023|17316|7702605202188
7024|17317|7591519007503
7025|17318|7592432011158
7026|17319|7592432001395
7027|17320|7592349831924
7028|17322|7441145400639
7029|17323|7501124813154
7030|17324|7501124813147
7031|17325|7800026009918
7032|17326|7592454001861
7033|17327|7591392850753
7034|17328|7730699000892
7035|17329|7730699000915
7036|17330|7730699000908
7037|17331|7730699000939
7038|17332|7730699000922
7039|17333|7591875000064
7040|17334|7591875000040
7041|17335|7591875000057
7043|17337|9002260016846
7044|17338|9002260016853
7045|17339|7591096000591
7046|17340|7592889000293
7047|17341|9002260017591
7048|17342|9002260017577
7050|17344|7591955000809
7051|17345|7702605202348
7052|17346|7590027001768
7053|17347|7591243850857
7054|17348|7591243850888
7055|17349|1759111000083
7056|17350|7591110002556
7057|17351|1759111000084
7058|17352|7591243850598
7059|17353|8901111004333
7060|17354|7591585119612
7061|17355|7702635191278
7062|17356|7702635191254
7063|17357|7702635191285
7064|17358|7702635191261
7065|17359|7592349956047
7066|17360|8906012340986
7069|17363|7800026026595
7070|17364|7591585115973
7071|17365|733739100276
7072|17366|7591020007979
7073|17367|7592432009858
7074|17368|7591243854770
7075|17369|7591243854756
7076|17370|7591243854817
7077|17371|7591243854794
7078|17372|7591585115850
7079|17373|7591585815866
7080|17374|7591585115539
7082|17376|7594000491690
7083|17377|7594000491713
7084|17378|8901296014356
7085|17379|7592430000345
7086|17380|7592430000475
7087|17381|7592955000219
7088|17382|7592955000202
7089|17383|7592955000240
7090|17384|7592955000233
7091|17385|8901117222342
7092|17386|7702605200665
7093|17387|7592349949872
7094|17388|7592349941777
7095|17389|7591257004390
7096|17390|7591257003058
7097|17391|7591257014528
7098|17392|7501065908698
7099|17393|75022105
7100|17394|7592826000027
7101|17395|7594000491010
7102|17396|7703763163168
7103|17397|7591585916334
7104|17398|7592349947977
7105|17399|7592020112595
7106|17400|7592349956252
7107|17401|7592803002389
7108|17402|7590019001837
7109|17403|7590019001820
7110|17404|7501124813116
7111|17405|7591309003197
7112|17406|7591309003180
7113|17407|7592454001786
7114|17408|7592454001793
7115|17409|7592116000324
7116|17410|7592116000317
7117|17411|755244068865
7118|17412|8021961012095
7119|17413|8904091147922
7120|17414|8904091147939
7121|17415|8904091147915
7122|17416|7591585112392
7123|17417|7594000491591
7124|17418|7730979090216
7125|17419|7591585118455
7126|17420|7591585218452
7127|17421|7592803001856
7128|17422|7592803001863
7129|17423|7592803002358
7130|17424|7592803002365
7131|17425|7592803002297
7132|17426|7591020008211
7133|17427|7591020008228
7134|17430|7730699001226
7135|17437|7501092720300
7136|17438|7703153018979
7137|17439|7703153021146
7139|17442|7591165860095
7140|17443|7592349954715
7141|17444|7591309004644
7142|17445|7591020000611
7143|17446|7591062011125
7144|17447|7592229003243
7145|17451|3401574364272
7146|17454|7730979092500
7147|17455|7841141002828
7148|17456|7841141002699
7149|17457|7841141002835
7150|17458|7841141002712
7151|17459|7501092720089
7152|17460|7592637007734
7153|17461|7591196004208
7154|17462|7591585115737
7155|17463|7592432011516
7156|17464|7592454001038
7157|17466|7796285054427
7158|17467|7592231002111
7159|17468|7591257014795
7160|17472|9088881314783
7161|17489|9593510
7162|17491|7591257002266
7163|17492|7591257002877
7164|17509|7441145401612
7165|17510|7441145401629
7169|17535|7592349109832
7170|17536|7592636000361
7171|17537|8806044003050
7172|17556|7798098720032
7173|17559|7501764340508
7174|17562|7592637000568
7175|17563|7592637005068
7176|17564|7592637005020
7177|17565|7592637001329
7178|17568|7592637000391
7179|17569|7591818131008
7735|16271|7592306000134
7736|16271|7594001101178
16384|26|
16393|6165|7591099121101
16396|6176|7591099126700
16397|16750|7592432009827
16403|4190|7591020001175
16405|14377|3582913026263
16406|14376|7501328979007
16409|16031|7592454141208
16412|16760|7592349898965
16413|17482|9603134
16418|16069|7792069629010
16420|6187|7591099121606
16422|17497|8742916001406
16423|17496|8742917001405
16424|14773|5000455018471
16425|6189|7591099149402
16439|16207|7592454000246
16441|2061|7592773000453
16442|2062|9509122
16448|14837|3000304373036
16451|14387|7800067006235
16452|14388|7800067006242
16455|6198|7591099134507
16463|4009|7730698000329
16488|14903|7501233234291
16494|6062|7896116861399
16505|16935|7702605200795
16507|4016|7591619124032
16508|4017|7591619124049
16512|4019|7591619128016
16513|4021|7591619128030
16517|14390|96074000077
16524|2069|7590030001038
16526|16266|7590019030264
16527|16265|7590019030257
16530|14745|7592616362014
16537|4198|7591020001366
16542|14784|302205808543
16543|15141|14457112629
16547|16110|7591585174956
16548|17474|9088882427833
16549|17475|9088880727553
16569|15160|7594000491157
16580|14952|7642216909222
16600|16142|7591585173812
16601|16362|7594002081752
16618|14919|7591873000776
16626|2074|7590030001243
16627|2075|3568316
16633|14525|9801165
16634|14898|359148002163
16635|15078|7591044000222
16643|4096|7592788000493
16664|12362|4042227199675
16674|15531|7891268106657
16675|2013|7847718
16676|17213|7592620000117
16682|4204|7591020001632
16695|4214|7591020003087
16702|17543|7594001420354
16706|14860|7590019030493
16709|14439|9088881253402
16710|4058|7591955000717
16711|15163|7680572660050
16712|6022|7501165001831
16717|15167|7591099188500
16720|17314|7594002081738
16721|15938|7591585815309
16722|17321|7591019000233
16733|2079|7590030001472
16739|6033|3582913025891
16740|4068|7591619140018
16745|2035|7501109910403
16747|4069|7730698375045
16748|4072|7730698004075
16759|14734|7592601300991
16760|10337|7592601301004
16763|8350|7591619516011
16764|2148|7592616912011
16767|14769|7642213921906
16768|14451|7590019000526
16770|17499|7591257001863
16779|4219|7591020001793
16783|14528|9802403
16788|15092|25021738
16789|17469|7795320010367
