21575|21|"2014-03-03"|65|0
21576|23|"2014-02-26"|33|0
21577|24|"2014-03-05"|2|0
21580|25|\N|\N|\N
21582|26|"2014-04-11"|1|0
21589|27|"2014-03-21"|100|0
21590|28|"2014-03-17"|101|0
21591|29|"2014-03-17"|102|0
21591|211|"2014-03-17"|103|0
21592|212|"2014-04-29"|34|0
21592|213|"2014-04-29"|35|0
21593|214|"2014-04-30"|63053|0
21594|215|"2014-04-30"|15426|0
21595|216|"2014-04-30"|86523|0
21551|217|"2013-08-26"|\N|986.78
21597|218|"2014-05-13"|1020|0
21615|219|"2014-05-19"|10130|0
21615|220|"2014-05-19"|15304|0
21618|221|"2014-05-24"|90155|0
21619|222|"2014-05-24"|90156|0
21620|223|"2014-05-29"|90158|0
21621|224|"2014-05-29"|123|0
21624|225|"2014-06-01"|90148|0
21625|226|"2014-06-01"|90149|0
21626|227|"2014-06-01"|90150|0
21626|228|"2014-06-01"|90151|0
21632|229|"2014-06-04"|90188|0
21641|230|"2014-06-10"|28041|0
21642|231|"2014-06-11"|578|0
21643|232|"2014-06-11"|580|0
21644|233|"2014-06-11"|579|0
21645|234|"2014-06-11"|91264|0
21629|235|"2014-05-27"|\N|928.08
21629|236|"2014-05-30"|\N|697.06
21628|237|"2014-05-14"|\N|430.2
21628|238|"2014-05-20"|\N|351.35
21628|239|"2014-06-06"|\N|310.36
21651|240|"2014-06-16"|56354|0
21652|241|"2014-06-09"|89532|0
21647|242|"2014-06-12"|\N|116.3
21653|243|"2014-06-17"|28500|0
21654|244|"2014-05-22"|\N|383.14
21656|245|"2014-05-29"|\N|583
21656|246|"2014-06-10"|\N|295.72
21647|247|"2014-06-18"|\N|259.24
21655|248|"2014-06-07"|\N|110.1
21657|249|"2014-06-19"|56360|0
21658|250|"2014-06-18"|28496|0
21659|251|"2014-06-19"|91027|0
21654|252|"2014-06-19"|\N|124.26
21660|253|"2014-06-20"|56367|0
21661|254|"2014-06-20"|56368|0
21662|255|"2014-06-20"|57398|0
21663|256|"2014-06-23"|56701|0
21665|257|"2014-06-23"|123456|0
21666|258|"2014-06-23"|56702|0
21668|259|"2014-06-23"|56369|0
21669|260|"2014-06-23"|56705|0
21671|261|"2014-06-25"|56710|0
21672|262|"2014-06-25"|581|0
21674|263|"2014-06-25"|56711|0
21675|264|"2014-06-25"|518|0
21677|265|"2014-06-25"|582|0
21678|266|"2014-06-25"|583|0
21679|267|"2014-06-25"|56661|0
21680|268|\N|\N|\N
21681|269|"2014-06-26"|56375|0
21688|270|"2014-06-26"|56377|0
21689|271|"2014-06-26"|56378|0
21670|272|"2014-06-19"|\N|37.5
21682|273|"2014-06-19"|\N|498.12
21685|274|"2014-06-18"|\N|279.47
21687|275|"2014-06-18"|\N|225.26
21683|276|"2014-06-21"|\N|602.22
21683|277|"2014-06-24"|\N|-166.64
21691|278|"2014-06-30"|56380|0
21692|279|"2014-06-30"|56722|0
21693|280|"2014-06-30"|56382|0
21694|281|"2014-06-30"|14885|0
21696|282|"2014-06-30"|56385|0
21697|283|"2014-06-30"|56145|\N
21699|284|"2014-06-30"|56386|0
21700|285|"2014-06-30"|56387|0
21701|286|"2014-06-26"|91035|0
21702|287|"2014-06-26"|91036|0
21690|288|"2014-06-26"|90436|0
21703|289|"2014-07-01"|56732|0
21628|290|"2014-07-01"|\N|273.96
21706|291|"2014-07-01"|522|0
21707|292|"2014-06-26"|91037|0
21708|293|"2014-06-26"|91039|0
21709|294|"2014-06-26"|91040|0
21710|295|"2014-06-26"|91041|0
21711|296|"2014-06-27"|520|0
21712|297|"2014-06-27"|521|0
21713|298|"2014-07-01"|28786|0
21715|299|"2014-07-02"|5173|0
21716|2100|"2014-07-01"|1232|0
21717|2101|"2014-07-02"|56735|0
21718|2102|"2014-07-02"|71933|0
21719|2103|"2014-07-02"|1224|0
21721|2104|"2014-07-02"|5175|0
21720|2105|"2014-07-02"|63099|0
21722|2106|"2014-07-02"|63100|0
21646|2107|"2014-07-02"|\N|625.46
21627|2108|"2014-07-02"|\N|218.08
21723|2109|"2014-07-02"|5178|0
21724|2110|"2014-07-02"|1229|0
21726|2111|"2014-07-02"|1230|0
21727|2112|"2014-07-02"|1225|0
21730|2113|"2014-07-02"|56737|0
21731|2114|"2014-07-02"|56736|0
21732|2115|"2014-07-02"|56389|0
21733|2116|"2014-07-02"|5180|0
21733|2117|\N|\N|\N
21735|2118|"2014-07-02"|5177|0
21736|2119|"2014-07-02"|56390|0
21736|2120|\N|\N|\N
21738|2121|"2014-07-02"|56391|0
21739|2122|"2014-07-02"|5209|0
21740|2123|"2014-07-02"|5210|0
21743|2124|"2014-07-02"|5211|0
21744|2125|"2014-07-02"|56393|0
21745|2126|"2014-07-02"|56392|0
21746|2127|"2014-07-03"|56394|0
21747|2128|"2014-07-03"|56395|0
21748|2129|"2014-06-30"|90612|0
21749|2130|"2014-07-01"|97034|0
21750|2131|"2014-07-02"|90613|0
21751|2132|"2014-07-01"|97032|0
21752|2133|"2014-07-01"|90954|0
21753|2134|"2014-07-01"|90955|0
21754|2135|"2014-07-01"|90956|0
21755|2136|"2014-07-02"|588|0
21756|2137|"2014-07-02"|586|0
21757|2138|"2014-07-02"|585|0
21728|2139|"2014-07-02"|70500|0
21758|2140|"2014-07-04"|70397|0
21759|2141|"2014-07-04"|70390|0
21628|2142|"2014-07-04"|\N|331.86
21760|2143|"2014-07-03"|91043|0
21761|2144|"2014-07-03"|91692|0
21762|2145|"2014-07-03"|524|0
21763|2146|"2014-07-07"|56398|0
21687|2147|"2014-07-07"|\N|239.74
21764|2148|"2014-07-04"|90108|0
21765|2149|"2014-07-01"|592|0
21766|2150|"2014-07-08"|90958|0
21767|2151|"2014-07-08"|91693|0
21768|2152|"2014-07-08"|91694|0
21769|2153|"2014-07-07"|56678|0
21770|2154|\N|\N|\N
21771|2155|\N|\N|\N
21772|2156|"2014-07-08"|71934|0
21773|2157|"2014-07-08"|71936|0
21775|2158|"2014-07-08"|91695|0
21774|2159|"2014-07-08"|71935|0
21776|2160|"2014-07-08"|91696|0
21778|2161|"2014-07-08"|90957|0
21777|2162|"2014-07-09"|1243|0
21779|2163|"2014-07-09"|71776|0
21780|2164|"2014-07-08"|90959|0
21781|2165|"2014-07-09"|1606|0
21782|2166|"2014-07-08"|90960|0
21783|2167|"2014-07-09"|1236|0
21784|2168|"2014-07-09"|1273|0
21785|2169|"2014-07-08"|90961|0
21787|2170|"2014-07-09"|89541|0
21788|2171|"2014-07-09"|1250|0
21789|2172|"2014-07-09"|4955|0
21790|2173|"2014-07-09"|1244|0
21791|2174|"2014-07-09"|56681|0
21792|2175|"2014-07-04"|56741|0
21793|2176|"2014-07-09"|4956|0
21794|2177|"2014-07-09"|4954|0
21795|2178|"2014-07-09"|4502|0
21796|2179|"2014-07-10"|88997|0
21797|2180|"2014-07-10"|89542|0
21798|2181|"2014-07-10"|89543|0
21799|2182|"2014-07-10"|89544|0
21800|2183|"2014-07-10"|62916|0
21801|2184|"2014-07-10"|62912|0
21804|2185|"2014-07-10"|62911|0
21805|2186|"2014-07-10"|62914|0
21628|2187|"2014-07-10"|\N|122.05
21806|2188|"2014-07-10"|1953|0
21807|2189|"2014-07-10"|1952|0
21809|2190|"2014-07-10"|1951|0
21808|2191|"2014-07-10"|1250|0
21810|2192|"2014-07-10"|1237|0
21811|2193|"2014-07-10"|1238|0
21813|2194|"2014-07-11"|88995|0
21814|2195|"2014-07-11"|56400|0
21815|2196|"2014-07-11"|56687|0
21816|2197|"2014-07-11"|4953|0
21656|2198|"2014-07-11"|\N|193.04
21656|2199|"2014-07-11"|\N|61.650000000000006
21786|2200|"2014-07-09"|584|0
21817|2201|"2014-06-26"|91033|0
21818|2202|"2014-07-10"|96406|0
21819|2203|"2014-07-10"|97035|0
21820|2204|"2014-07-10"|90439|0
21821|2205|"2014-07-10"|90440|0
21822|2206|"2014-07-10"|90441|0
21823|2207|"2014-07-10"|90442|0
21824|2208|"2014-07-10"|90443|0
21825|2209|"2014-07-10"|90444|0
21826|2210|"2014-07-10"|90445|0
21827|2211|"2014-07-10"|90252|0
21828|2212|"2014-07-10"|90253|0
21829|2213|"2014-07-10"|90254|0
21831|2214|"2014-07-10"|90446|0
21830|2215|"2014-07-11"|90448|0
21832|2216|"2014-07-11"|90447|0
21833|2217|"2014-07-14"|801|0
21834|2218|"2014-07-15"|56665|0
21835|2219|"2014-07-14"|4708|0
21838|2220|"2014-06-19"|\N|267.3
21838|2221|"2014-07-12"|\N|2160.97
21840|2222|"2014-07-14"|90501|0
21842|2223|"2014-07-15"|90965|0
21841|2224|"2014-07-15"|90963|0
21843|2225|"2014-07-15"|90962|0
21844|2226|"2014-07-11"|90256|0
21845|2227|"2014-07-15"|90970|0
21846|2228|"2014-07-15"|90967|0
21847|2229|"2014-07-15"|90968|0
21848|2230|"2014-07-15"|90972|0
21849|2231|"2014-07-15"|90971|0
21850|2232|"2014-07-15"|97036|0
21851|2233|"2014-07-15"|90969|0
21852|2234|"2014-07-16"|587|0
21854|2235|"2014-07-15"|90966|0
21812|2236|"2014-07-11"|1962|0
21855|2237|"2014-07-16"|1961|0
21856|2238|"2014-07-16"|1960|0
21628|2239|"2014-07-16"|\N|220.31
21853|2240|"2014-07-16"|804|0
21857|2241|"2014-07-16"|805|0
21858|2242|"2014-07-16"|806|0
21859|2243|"2014-07-16"|802|0
21860|2244|"2014-07-16"|90973|0
21861|2245|"2014-07-16"|90974|0
21862|2246|"2014-07-17"|96408|0
21656|2247|"2014-07-18"|\N|258.88
21864|2248|"2014-07-17"|89228|0
21865|2249|"2014-07-17"|89227|0
21867|2250|"2014-07-17"|807|0
21866|2251|"2014-07-16"|89226|0
21868|2252|"2014-07-17"|809|0
21869|2253|"2014-07-16"|89219|0
21871|2254|"2014-02-11"|15274|0
21873|2255|"2014-07-08"|56671|0
21874|2256|"2014-07-16"|4870|0
21654|2257|"2014-07-18"|\N|203.39000000000001
21870|2258|"2014-07-17"|90260|0
21872|2259|"2014-07-17"|96407|0
21875|2260|"2014-07-17"|96409|0
21876|2261|"2014-07-17"|96410|0
21877|2262|"2014-07-17"|96412|0
21878|2263|"2014-07-17"|96413|0
21879|2264|"2014-07-18"|951|0
21880|2265|"2014-07-18"|952|0
21656|2266|"2014-07-21"|\N|275.83
21881|2267|"2014-07-21"|4737|0
21882|2268|"2014-07-21"|4740|0
21883|2269|"2014-07-21"|4989|0
21884|2270|"2014-07-21"|597|0
21885|2271|"2014-07-22"|90976|0
21886|2272|"2014-07-22"|90975|0
21887|2273|"2014-07-22"|90977|0
21888|2274|"2014-07-22"|90978|0
21890|2275|"2014-07-22"|810|0
21892|2276|"2014-07-22"|90981|0
21628|2277|"2014-07-22"|\N|663.72
21893|2278|"2014-07-23"|554|0
21894|2279|"2014-07-23"|555|0
21895|2280|"2014-07-22"|90979|0
21896|2281|"2014-07-23"|28347|0
21889|2282|"2014-07-22"|90980|0
21891|2283|"2014-07-22"|90982|0
21898|2284|"2014-07-23"|811|0
21897|2285|"2014-07-23"|90984|0
21899|2286|"2014-07-23"|90985|0
21900|2287|"2014-07-23"|4746|0
21901|2288|"2014-07-23"|4991|0
21902|2289|"2014-07-28"|953|0
21903|2290|"2014-07-23"|557|0
21904|2291|"2014-07-29"|90999|0
21905|2292|"2014-07-29"|90998|0
21906|2293|"2014-07-29"|549|0
21907|2294|"2014-07-29"|90997|0
21908|2295|"2014-07-29"|90504|0
21909|2296|"2014-07-29"|90996|0
21910|2297|"2014-07-29"|90995|0
21911|2298|"2014-07-29"|90994|0
21654|2299|"2014-07-29"|\N|399.65
21912|2300|"2014-07-29"|90570|0
21913|2301|"2014-07-29"|90992|0
21914|2302|"2014-07-29"|90993|0
21915|2303|"2014-07-30"|3|0
21916|2304|"2014-07-30"|813|0
21917|2305|"2014-07-30"|90990|0
21918|2306|"2014-07-30"|90651|0
21919|2307|"2014-07-30"|814|0
21920|2308|"2014-07-30"|815|0
21921|2309|"2014-07-30"|816|0
21922|2310|"2014-07-30"|817|0
21923|2311|"2014-07-31"|818|0
21924|2312|"2014-07-31"|819|0
21925|2313|"2014-07-31"|820|0
21926|2314|"2014-06-30"|1820|0
21927|2315|"2014-06-30"|1815|0
21928|2316|"2014-06-30"|1846|0
21929|2317|"2014-07-07"|1849|0
21930|2318|"2014-07-07"|70426|0
21931|2319|"2014-07-21"|70443|0
21932|2320|"2014-07-23"|1286|0
21933|2321|"2014-07-23"|1286|0
21934|2322|"2014-06-25"|1828|0
21935|2323|"2014-06-23"|1819|0
21936|2324|"2014-06-23"|1821|0
21937|2325|"2014-06-23"|1824|0
21938|2326|"2014-08-01"|91195|0
21656|2327|"2014-08-04"|\N|165.81
21939|2328|"2014-07-01"|1838|0
21940|2329|"2014-07-01"|1839|0
21941|2330|"2014-07-03"|1842|0
21942|2331|"2014-07-01"|1843|0
21943|2332|"2014-07-01"|70408|0
21944|2333|"2014-07-01"|70404|0
21945|2334|"2014-07-07"|1847|0
21656|2335|"2014-08-05"|\N|92.94
21947|2336|"2014-08-05"|545|0
21948|2337|"2014-08-05"|546|0
21949|2338|"2014-08-05"|547|0
21950|2339|"2014-08-05"|548|0
21951|2340|"2014-08-05"|544|0
21952|2341|"2014-08-06"|4|0
21946|2342|"2014-07-07"|1848|0
21953|2343|"2014-07-07"|70431|0
21954|2344|"2014-07-07"|70440|0
21955|2345|"2014-07-08"|70427|0
21956|2346|"2014-07-08"|70429|0
21958|2347|"2014-08-06"|5|0
21959|2348|"2014-08-06"|90506|0
21960|2349|"2014-08-06"|90507|0
21961|2350|"2014-08-06"|90508|0
21639|2351|"2014-06-06"|28040|0
21957|2352|"2014-07-08"|70430|0
21962|2353|"2014-07-31"|5713|0
21963|2354|"2014-07-10"|70432|0
21964|2355|"2014-07-28"|56958|0
21965|2356|"2014-07-28"|56956|0
21967|2357|"2014-07-28"|5701|0
21968|2358|"2014-07-25"|89248|0
21969|2359|"2014-07-28"|56953|0
21970|2360|"2014-07-25"|89249|0
21971|2361|"2014-07-28"|5702|0
21972|2362|"2014-07-25"|89247|0
21973|2363|"2014-08-05"|90564|0
21975|2364|"2014-08-07"|96415|0
21974|2365|"2014-08-07"|96414|0
21976|2366|"2014-08-07"|90512|0
21977|2367|"2014-08-07"|90509|0
21979|2368|"2014-08-08"|825|0
21978|2369|"2014-08-08"|826|0
21980|2370|"2014-08-08"|606|0
21981|2371|"2014-08-08"|90618|0
21982|2372|"2014-08-11"|90617|0
21983|2373|"2014-08-11"|543|0
21984|2374|"2014-08-11"|665|0
21985|2375|"2014-08-11"|666|0
21986|2376|"2014-08-12"|542|0
21966|2377|"2014-07-31"|1981|0
21987|2378|"2014-07-31"|1980|0
21988|2379|"2014-07-31"|1983|0
21989|2380|"2014-07-31"|1982|0
21990|2381|"2014-08-01"|1987|0
21991|2382|"2014-08-04"|1988|0
21992|2383|"2014-08-08"|1995|0
21993|2384|"2014-08-07"|1991|0
21994|2385|"2014-08-07"|1992|0
21995|2386|"2014-08-08"|1996|0
21996|2387|"2014-08-08"|1993|0
21997|2388|"2014-08-08"|71739|0
21998|2389|"2014-08-08"|71937|0
21999|2390|"2014-08-08"|1246|0
22000|2391|"2014-08-08"|71938|0
22001|2392|"2014-08-08"|1004|0
21628|2393|"2014-08-13"|\N|159.85
22002|2394|"2014-08-08"|1285|0
22003|2395|"2014-08-08"|1003|0
22004|2396|"2014-08-08"|1002|0
22005|2397|"2014-08-08"|1977|0
22006|2398|"2014-08-08"|1976|0
22007|2399|"2014-08-08"|71943|0
22008|2400|"2014-08-08"|71944|0
22009|2401|"2014-08-08"|1242|0
22010|2402|"2014-08-09"|1106|0
22012|2403|"2014-08-10"|1286|0
22011|2404|"2014-08-10"|1966|0
22013|2405|"2014-08-10"|1968|0
22014|2406|"2014-08-10"|1964|0
22015|2407|"2014-08-11"|1975|0
22016|2408|"2014-08-11"|1970|0
22018|2409|"2014-08-11"|1971|0
22019|2410|"2014-08-11"|1973|0
22017|2411|"2014-08-14"|5742|0
22020|2412|"2014-08-11"|1974|0
22022|2413|"2014-08-11"|1969|0
22023|2414|"2014-08-11"|1972|0
22021|2415|"2014-08-14"|5724|0
22024|2416|"2014-08-14"|56991|0
22025|2417|"2014-08-14"|4512|0
22026|2418|"2014-08-11"|1292|0
22028|2419|"2014-08-12"|1290|0
22029|2420|"2014-08-12"|1978|0
22031|2421|"2014-08-12"|1979|0
22030|2422|"2014-08-12"|1958|0
22033|2423|"2014-08-12"|1280|0
22032|2424|"2014-08-12"|1956|0
22034|2425|"2014-08-12"|1954|0
21627|2426|"2014-08-14"|\N|299.92
22035|2427|"2014-07-31"|821|0
22036|2428|"2014-07-31"|828|0
22037|2429|"2014-08-13"|829|0
22038|2430|"2014-08-13"|830|0
22039|2431|"2014-08-13"|831|0
22040|2432|"2014-08-13"|832|0
22041|2433|"2014-08-13"|91197|0
22043|2434|"2014-08-12"|539|0
22044|2435|"2014-08-12"|540|0
22045|2436|"2014-08-13"|541|0
22046|2437|"2014-08-12"|538|0
22047|2438|"2014-08-12"|560|0
22042|2439|"2014-08-13"|536|0
22048|2440|"2014-08-13"|537|0
22049|2441|"2014-08-13"|563|0
22050|2442|"2014-08-13"|562|0
22051|2443|"2014-08-13"|559|0
22052|2444|"2014-08-13"|90503|0
22053|2445|"2014-07-14"|1954|0
21655|2446|"2014-08-19"|\N|309.82
22054|2447|"2014-07-14"|1955|0
22055|2448|"2014-07-14"|1959|0
22056|2449|"2014-07-14"|1283|0
22057|2450|"2014-07-15"|1960|0
22058|2451|"2014-07-15"|1962|0
22059|2452|"2014-07-16"|1961|0
22060|2453|"2014-07-20"|71914|0
22061|2454|"2014-07-21"|71915|0
22062|2455|"2014-07-21"|29600|0
22063|2456|"2014-07-22"|29599|0
22064|2457|"2014-07-31"|70375|0
22065|2458|"2014-07-31"|70353|0
22066|2459|"2014-07-31"|70354|0
22067|2460|"2014-07-31"|91026|0
22068|2461|"2014-08-15"|834|0
22069|2462|"2014-08-11"|835|0
22070|2463|"2014-08-15"|668|0
22071|2464|"2014-08-18"|91797|0
22072|2465|"2014-08-19"|535|0
22073|2466|"2014-08-19"|534|0
22075|2467|"2014-08-19"|532|0
22074|2468|"2014-08-15"|835|0
22076|2469|"2014-07-31"|91026|0
22077|2470|"2014-08-04"|91021|0
22078|2471|"2014-08-05"|91019|0
22079|2472|"2014-08-06"|91650|0
22080|2473|"2014-08-06"|91609|0
22081|2474|"2014-08-07"|91666|0
22082|2475|"2014-08-08"|90173|0
22083|2476|"2014-08-09"|90551|0
22084|2477|"2014-08-09"|91547|0
22085|2478|"2014-08-09"|91664|0
22086|2479|"2014-08-21"|843|0
22087|2480|"2014-08-21"|842|0
22088|2481|"2014-08-21"|675|0
22089|2482|"2014-08-21"|671|0
22090|2483|"2014-08-21"|673|0
22091|2484|"2014-08-21"|674|0
22092|2485|"2014-08-21"|670|0
22093|2486|"2014-08-21"|90619|0
22094|2487|"2014-08-21"|90622|0
22095|2488|"2014-08-21"|846|0
22096|2489|"2014-08-21"|91199|0
22097|2490|"2014-08-21"|847|0
22098|2491|"2014-08-25"|754|0
22099|2492|"2014-08-12"|70317|0
22101|2493|"2014-08-26"|90515|0
22102|2494|"2014-08-26"|90518|0
22103|2495|"2014-08-26"|90522|0
22104|2496|"2014-08-26"|10052|0
22105|2497|"2014-08-26"|10054|0
22106|2498|"2014-08-26"|90520|0
22107|2499|"2014-08-26"|90521|0
22109|2500|"2014-08-26"|10051|0
22108|2501|"2014-08-27"|10001|0
22100|2502|"2014-08-25"|1011|0
22110|2503|"2014-08-13"|71789|0
22113|2504|"2014-08-27"|850|0
22114|2505|"2014-08-27"|849|0
22115|2506|"2014-09-01"|822|0
22116|2507|"2014-08-28"|10154|0
22117|2508|"2014-08-28"|10153|0
22118|2509|"2014-08-26"|90523|0
22119|2510|"2014-08-27"|10002|0
22120|2511|"2014-08-27"|10005|0
22121|2512|"2014-08-27"|90525|0
22122|2513|"2014-08-28"|10155|0
22123|2514|"2014-09-02"|90531|0
22124|2515|"2014-09-02"|90530|0
22125|2516|"2014-09-02"|90529|0
22126|2517|"2014-08-28"|677|0
22127|2518|"2014-09-02"|90528|0
22128|2519|"2014-09-02"|90532|0
22130|2520|"2014-09-03"|10006|0
22111|2521|"2014-08-28"|1013|0
22132|2522|"2014-09-03"|34540|0
22133|2523|"2014-09-03"|34538|0
22131|2524|"2014-08-29"|1014|0
22134|2525|"2014-09-03"|4518|0
22135|2526|"2014-08-29"|1012|0
22136|2527|"2014-09-03"|34539|0
22137|2528|"2014-08-29"|1010|0
22138|2529|"2014-09-01"|1285|0
22139|2530|"2014-09-03"|34536|0
22141|2531|"2014-09-03"|4887|0
22142|2532|"2014-09-03"|56986|0
22144|2533|"2014-09-03"|10007|0
22145|2534|"2014-09-03"|90533|0
22146|2535|"2014-09-03"|90534|0
22147|2536|"2014-09-03"|90535|0
22148|2537|"2014-09-03"|10156|0
22149|2538|"2014-09-01"|1299|0
22150|2539|"2014-09-01"|29719|0
22151|2540|"2014-09-01"|29718|0
22152|2541|"2014-09-01"|1007|0
22153|2542|"2014-09-01"|29731|0
22154|2543|"2014-09-01"|29729|0
22155|2544|"2014-09-01"|29728|0
22156|2545|"2014-09-01"|29730|0
22157|2546|"2014-09-01"|29735|0
22158|2547|"2014-09-01"|29716|0
22159|2548|"2014-09-01"|71746|0
22161|2549|"2014-09-04"|70282|0
22162|2550|"2014-09-04"|70273|0
22164|2551|"2014-09-04"|70285|0
22165|2552|"2014-09-04"|70294|0
22166|2553|"2014-09-04"|10159|0
22167|2554|"2014-09-04"|10160|0
22168|2555|"2014-09-04"|10162|0
22169|2556|"2014-08-29"|10157|0
22170|2557|"2014-09-04"|10158|0
22171|2558|"2014-08-01"|823|0
22172|2559|"2014-09-04"|10161|0
22173|2560|"2014-09-01"|29723|0
22174|2561|"2014-09-01"|29725|0
22175|2562|"2014-09-01"|71749|0
22177|2563|"2014-09-01"|71748|0
22178|2564|"2014-09-01"|29722|0
22179|2565|"2014-09-05"|70290|0
22180|2566|"2014-09-05"|70287|0
22182|2567|"2014-09-01"|71786|0
22183|2568|"2014-09-01"|71787|0
22184|2569|"2014-09-05"|34533|0
22185|2570|"2014-09-05"|4244|0
22186|2571|"2014-09-05"|34537|0
22187|2572|"2014-09-05"|35507|0
22188|2573|"2014-09-05"|35505|0
22189|2574|"2014-09-05"|35504|0
22190|2575|"2014-09-05"|35503|0
22192|2576|"2014-09-05"|10057|0
22193|2577|"2014-09-08"|34535|0
22194|2578|"2014-09-08"|34767|0
22197|2579|"2014-09-08"|70296|0
22198|2580|"2014-09-08"|34751|0
22199|2581|"2014-09-08"|70298|0
22191|2582|"2014-09-01"|4238|0
22202|2583|"2014-09-08"|34546|0
22203|2584|"2014-09-08"|56979|0
22206|2585|"2014-09-08"|5732|0
22208|2586|"2014-09-08"|4008|0
22209|2587|"2014-09-08"|10163|0
22215|2588|"2014-09-08"|35008|0
22217|2589|"2014-09-08"|34526|0
22220|2590|"2014-09-08"|10164|0
22221|2591|"2014-09-08"|10165|0
22222|2592|"2014-09-03"|10646|0
22223|2593|"2014-09-03"|1454|0
22224|2594|"2014-09-03"|1021|0
22225|2595|"2014-09-01"|1457|0
22226|2596|"2014-09-03"|1458|0
22227|2597|"2014-09-03"|1019|0
22228|2598|"2014-09-03"|1410|0
22219|2599|"2014-09-08"|57968|0
22230|2600|"2014-08-15"|4012|0
22229|2601|"2014-09-02"|1409|0
22231|2602|"2014-09-01"|1411|0
22218|2603|"2014-08-26"|70293|0
22233|2604|"2014-08-20"|70278|0
22216|2605|"2014-08-19"|70272|0
22214|2606|"2014-08-17"|4244|0
22213|2607|"2014-09-08"|35010|0
22212|2608|"2014-09-08"|35012|0
22211|2609|"2014-09-08"|34542|0
22234|2610|"2014-09-08"|955|0
22235|2611|"2014-09-08"|956|0
22232|2612|"2014-09-01"|1455|0
22236|2613|"2014-09-02"|71793|0
22237|2614|"2014-09-02"|1413|0
22238|2615|"2014-09-02"|1414|0
22239|2616|"2014-09-05"|1421|0
22240|2617|"2014-09-05"|1420|0
22241|2618|"2014-09-05"|1422|0
22210|2619|"2014-09-05"|35509|0
22207|2620|"2014-09-08"|35017|0
22200|2621|"2014-09-08"|35015|0
22205|2622|"2014-09-08"|4013|0
22196|2623|"2014-09-08"|89714|0
22195|2624|"2014-09-08"|4208|0
22181|2625|"2014-08-15"|4015|0
22176|2626|"2014-09-05"|4455|0
22163|2627|"2014-09-04"|4209|0
22160|2628|"2014-09-04"|4216|0
22143|2629|"2014-08-11"|56983|0
22140|2630|"2014-08-19"|4212|0
22242|2631|"2014-08-27"|4748|0
22243|2632|"2014-09-10"|35516|0
22244|2633|"2014-07-16"|89223|0
22245|2634|"2014-09-10"|4006|0
22246|2635|"2014-08-14"|4010|0
22247|2636|"2014-09-04"|1548|0
22248|2637|"2014-09-05"|1546|0
22249|2638|"2014-09-05"|91490|0
22250|2639|"2014-09-05"|91487|0
22251|2640|"2014-09-05"|91489|0
22252|2641|"2014-09-05"|1545|0
22253|2642|"2014-09-05"|1544|0
22254|2643|"2014-09-05"|1543|0
22255|2644|"2014-09-05"|1535|0
22256|2645|"2014-09-05"|1536|0
22257|2646|"2014-09-05"|1538|0
22258|2647|"2014-09-05"|1541|0
22259|2648|"2014-09-06"|1540|0
22260|2649|"2014-09-11"|35518|0
22261|2650|"2014-09-11"|5739|0
22262|2651|"2014-08-12"|56992|0
22263|2652|"2014-08-06"|5736|0
22265|2653|"2014-09-11"|10166|0
22266|2654|"2014-09-11"|10167|0
22267|2655|"2014-09-11"|10168|0
22268|2656|"2014-09-05"|1503|0
22269|2657|"2014-09-08"|29719|0
22270|2658|"2014-09-08"|29719|0
22271|2659|"2014-09-08"|28975|0
22264|2660|"2014-09-11"|34527|0
22272|2661|"2014-09-12"|35551|0
22273|2662|"2014-09-12"|5731|0
22274|2663|"2014-09-12"|4202|0
22275|2664|"2014-09-12"|4004|0
22276|2665|"2014-09-12"|35527|0
22277|2666|"2014-09-15"|35031|0
22278|2667|"2014-09-15"|354755|0
22279|2668|"2014-09-12"|10170|0
22280|2669|"2014-09-15"|91543|0
22281|2670|"2014-08-19"|4215|0
22282|2671|"2014-08-22"|34501|0
22283|2672|"2014-08-27"|34517|0
22284|2673|"2014-08-22"|34509|0
22285|2674|"2014-08-27"|34515|0
22286|2675|"2014-08-28"|34522|0
22287|2676|"2014-08-20"|4457|0
22288|2677|"2014-08-26"|34510|0
22289|2678|"2014-09-15"|35029|0
22290|2679|"2014-09-15"|35030|0
22291|2680|"2014-08-26"|4231|0
22292|2681|"2014-08-22"|4222|0
22293|2682|"2014-08-29"|34525|0
22294|2683|"2014-09-12"|35522|0
22295|2684|"2014-09-16"|35523|0
22296|2685|"2014-05-14"|88324|0
22297|2686|"2014-07-12"|35521|0
22298|2687|"2014-07-27"|57199|0
22299|2688|"2014-09-05"|35513|0
22300|2689|"2014-09-15"|35027|0
22301|2690|"2014-09-15"|35028|0
22302|2691|"2014-09-15"|35753|0
22303|2692|"2014-09-15"|35751|0
22304|2693|"2014-09-17"|35757|0
22306|2694|"2014-09-17"|34751|0
22307|2695|"2014-09-18"|34751|0
22308|2696|"2014-09-18"|4884|0
22309|2697|"2014-09-18"|35037|0
21623|2698|"2014-05-30"|90707|0
21633|2699|"2014-06-03"|28038|0
22310|2700|"2014-08-07"|90511|0
22311|2701|"2014-08-14"|90571|0
22312|2702|"2014-08-14"|90574|0
22313|2703|"2014-08-14"|667|0
22314|2704|"2014-08-14"|90575|0
22315|2705|"2014-08-14"|90573|0
22316|2706|"2014-08-14"|90572|0
22317|2707|"2014-08-19"|527|0
22318|2708|"2014-08-19"|528|0
22319|2709|"2014-08-19"|530|0
22320|2710|"2014-08-19"|531|0
22321|2711|"2014-08-20"|9|0
22322|2712|"2014-08-20"|10|0
22323|2713|"2014-08-20"|90514|0
22324|2714|"2014-08-20"|6|0
22325|2715|"2014-08-27"|90527|0
22326|2716|"2014-08-27"|90526|0
22327|2717|"2014-08-27"|90525|0
22328|2718|"2014-09-12"|10171|0
22329|2719|"2014-09-17"|151|0
22330|2720|"2014-09-17"|152|0
22331|2721|"2014-09-17"|153|0
22332|2722|"2014-09-18"|160|0
22333|2723|"2014-09-18"|161|0
22334|2724|"2014-09-17"|155|0
22335|2725|"2014-09-17"|10011|0
22336|2726|"2014-09-18"|163|0
22337|2727|"2014-09-18"|162|0
22338|2728|"2014-09-23"|11|0
22339|2729|"2014-09-24"|10003|0
22340|2730|"2014-09-24"|10008|0
22341|2731|"2014-09-24"|10012|0
22342|2732|"2014-09-24"|10014|0
22343|2733|"2014-09-24"|10015|0
22344|2734|"2014-10-01"|10021|0
22345|2735|"2014-10-01"|10022|0
22346|2736|"2014-09-22"|28789|0
22347|2737|"2014-10-02"|90261|0
22348|2738|"2014-10-03"|28790|0
22349|2739|"2014-10-06"|760|0
22350|2740|"2014-09-12"|1449|0
22351|2741|"2014-09-12"|1448|0
22352|2742|"2014-09-12"|1446|0
22353|2743|"2014-09-12"|1439|0
22354|2744|"2014-09-12"|1028|0
22355|2745|"2014-09-12"|1442|0
22356|2746|"2014-09-12"|1030|0
22357|2747|"2014-10-07"|762|0
22358|2748|"2014-10-07"|761|0
22359|2749|"2014-08-28"|90516|0
22360|2750|"2014-09-12"|1441|0
22361|2751|"2014-09-12"|1440|0
22362|2752|"2014-09-12"|1437|0
22363|2753|"2014-09-15"|1426|0
22364|2754|"2014-09-15"|1022|0
22365|2755|"2014-09-15"|1424|0
22366|2756|"2014-09-17"|1416|0
22367|2757|"2014-09-17"|1430|0
22368|2758|"2014-09-10"|1435|0
22369|2759|"2014-09-18"|1427|0
22370|2760|"2014-09-15"|1025|0
22371|2761|"2014-09-18"|1434|0
22372|2762|"2014-09-18"|1433|0
22373|2763|"2014-09-23"|1428|0
22374|2764|"2014-10-13"|10308|0
22375|2765|"2014-10-13"|10309|0
22376|2766|"2014-10-13"|10307|0
22377|2767|"2014-10-14"|96318|0
22378|2768|"2014-10-14"|90262|0
22379|2769|"2014-10-14"|90263|0
22380|2770|"2014-10-14"|96319|0
22381|2771|"2014-10-14"|96320|0
22382|2772|"2014-10-14"|96321|0
22383|2773|"2014-10-14"|66|0
22384|2774|"2014-10-14"|90864|0
22385|2775|"2014-10-15"|96324|0
22386|2776|"2014-10-16"|90866|0
22387|2777|"2014-10-09"|960|0
22389|2778|"2014-10-16"|961|0
22388|2779|"2014-10-16"|167|0
22390|2780|"2014-10-16"|10310|0
22391|2781|"2014-10-20"|963|0
22392|2782|"2014-10-21"|96329|0
22393|2783|"2014-10-21"|96325|0
22394|2784|"2014-10-21"|96327|0
22395|2785|"2014-10-21"|96328|0
22396|2786|"2014-10-21"|96326|0
22397|2787|"2014-10-21"|90264|0
22398|2788|"2014-10-21"|10059|0
22399|2789|"2014-10-21"|90265|0
22400|2790|"2014-10-21"|10061|0
22401|2791|"2014-10-09"|959|0
22402|2792|"2014-10-22"|90536|0
22403|2793|"2014-10-22"|90537|0
22404|2794|"2014-10-22"|90538|0
22405|2795|"2014-10-22"|90539|0
22406|2796|"2014-10-22"|90541|0
22407|2797|"2014-10-22"|90542|0
22408|2798|"2014-10-22"|90543|0
22409|2799|"2014-10-22"|90544|0
22410|2800|"2014-10-09"|10594|0
22411|2801|"2014-10-09"|10569|0
22412|2802|"2014-10-09"|10593|0
22413|2803|"2014-10-09"|10855|0
22414|2804|"2014-10-10"|10852|0
22415|2805|"2014-10-09"|10516|0
22416|2806|"2014-10-23"|1703|0
22417|2807|"2014-10-23"|1704|0
22419|2808|"2014-10-23"|965|0
22420|2809|"2014-10-23"|966|0
22421|2810|"2014-10-23"|967|0
22422|2811|"2014-10-23"|968|0
22418|2812|"2014-09-26"|1705|0
22423|2813|"2014-10-06"|1771|0
22424|2814|"2014-09-17"|1772|0
22425|2815|"2014-09-23"|1773|0
22426|2816|"2014-10-24"|969|0
22427|2817|"2014-09-22"|1774|0
22428|2818|"2014-10-13"|1701|0
22430|2819|"2014-10-24"|970|0
22431|2820|"2014-10-24"|256|0
22432|2821|"2014-10-24"|254|0
22433|2822|"2014-10-24"|764|0
22434|2823|"2014-10-24"|258|0
22429|2824|"2014-10-08"|1778|0
22435|2825|"2014-10-08"|10851|0
22436|2826|"2014-08-12"|10551|0
22437|2827|"2014-10-06"|10592|0
22438|2828|"2014-10-16"|10571|0
22439|2829|"2014-09-19"|10572|0
22440|2830|"2014-09-22"|10575|0
22441|2831|"2014-09-22"|924|0
22442|2832|"2014-09-29"|10584|0
22443|2833|"2014-08-20"|10582|0
22444|2834|"2014-09-22"|10579|0
22445|2835|"2014-09-22"|10578|0
22446|2836|"2014-09-10"|10564|0
22447|2837|"2014-10-22"|29937|0
22448|2838|"2014-10-23"|29942|0
22449|2839|"2014-10-20"|71800|0
22450|2840|"2014-10-20"|1151|0
22451|2841|"2014-10-20"|29928|0
22452|2842|"2014-10-20"|29929|0
22453|2843|"2014-10-21"|29931|0
22454|2844|"2014-10-21"|29934|0
22455|2845|"2014-10-22"|29939|0
22456|2846|"2014-10-22"|29938|0
22457|2847|"2014-10-22"|29936|0
22458|2848|"2014-10-22"|29935|0
22459|2849|"2014-10-23"|29940|0
22460|2850|"2014-10-23"|29941|0
22461|2851|"2014-10-24"|1475|0
22462|2852|"2014-10-28"|90545|0
22463|2853|"2014-10-28"|90546|0
22464|2854|"2014-10-28"|90547|0
22465|2855|"2014-10-28"|90548|0
22466|2856|"2014-10-28"|90549|0
22467|2857|"2014-10-28"|90550|0
22468|2858|"2014-10-28"|90266|0
22469|2859|"2014-10-28"|354|0
22470|2860|"2014-10-28"|90267|0
22471|2861|"2014-10-28"|90268|0
22472|2862|"2014-10-28"|90269|0
22473|2863|"2014-10-28"|90270|0
22474|2864|"2014-10-28"|90271|0
22475|2865|"2014-10-28"|90272|0
22476|2866|"2014-10-28"|90273|0
22477|2867|"2014-09-15"|91544|0
22478|2868|"2014-10-29"|90275|0
22479|2869|"2014-10-28"|451|0
22480|2870|"2014-10-28"|452|0
22481|2871|"2014-10-29"|90277|0
22482|2872|"2014-10-30"|10101|0
22483|2873|"2014-10-30"|971|0
22484|2874|"2014-10-30"|972|0
22485|2875|"2014-10-30"|973|0
22486|2876|"2014-10-31"|947|0
22487|2877|"2014-10-31"|10063|0
22488|2878|"2014-10-31"|10064|0
22489|2879|"2014-10-31"|10065|0
22490|2880|"2014-10-31"|10066|0
22491|2881|"2014-10-31"|10067|0
22492|2882|"2014-11-03"|28446|0
22493|2883|"2014-11-03"|948|0
22494|2884|"2014-11-03"|28443|0
22495|2885|"2014-11-03"|28445|0
22496|2886|"2014-11-03"|28447|0
22497|2887|"2014-11-04"|90279|0
22498|2888|"2014-11-04"|90280|0
22499|2889|"2014-11-06"|10201|0
22500|2890|"2014-11-06"|90282|0
22501|2891|"2014-11-06"|102|0
22502|2892|"2014-11-06"|10071|0
22503|2893|"2014-11-06"|90284|0
22504|2894|"2014-11-06"|974|0
22505|2895|"2014-11-07"|977|0
22506|2896|"2014-11-07"|978|0
22507|2897|"2014-11-05"|90283|0
22508|2898|"2014-11-10"|10072|0
