1024|3|997|"A01AC"
2086|2|353|"A01AC"
2087|2|560|"A01AC"
2130|2|9662|"A01AC"
384|1|68|"A01AD"
1821|1|9506|"A01AD"
1906|0|9532|"A01AD"
2002|1|9574|"A01AD"
2558|1|136|"A01AD"
2898|1|10239|"A01AD"
2907|1|10244|"A01AD"
2913|1|10249|"A01AD"
2956|1|10287|"A01AD"
28|1|1011|"A02AA"
560|1|568|"A02AA"
3001|1|10324|"A02AA"
565|1|565|"A02AB"
2992|1|10317|"A02AB"
360|1|9356|"A02AC"
1162|1|9337|"A02AD"
1357|1|9214|"A02AD"
2803|1|10164|"A02AD"
421|1|685|"A02AF"
428|1|684|"A02AF"
788|1|395|"A02AF"
1356|1|9213|"A02AG"
2776|1|10146|"A02AG"
284|1|161|"A02AH"
622|1|162|"A02AH"
1053|1|46|"A02AH"
556|1|569|"A02AX"
562|1|567|"A02AX"
1161|1|9336|"A02AX"
203|1|878|"A02BA"
339|1|764|"A02BA"
357|1|260|"A02BA"
680|1|478|"A02BA"
374|1|726|"A02BB"
207|1|875|"A02BC"
313|1|793|"A02BC"
329|1|777|"A02BC"
488|1|633|"A02BC"
735|1|436|"A02BC"
2901|2|10241|"A02BC"
1374|1|9235|"A02BD"
130|1|929|"A02BX"
678|1|226|"A02BX"
1186|1|1063|"A02BX"
2850|1|10200|"A02BX"
2878|1|10225|"A02BX"
2912|1|10249|"A02BX"
2728|1|10108|"A02X"
2941|1|10275|"A02X"
39|1|1006|"A03AA"
809|1|377|"A03AA"
1273|1|9126|"A03AA"
2920|1|10255|"A03AA"
3003|1|10326|"A03AA"
2846|1|10196|"A03AB"
978|1|794|"A03AD"
2135|1|950|"A03AD"
751|1|421|"A03AE"
142|1|918|"A03AX"
231|1|864|"A03AX"
249|1|847|"A03AX"
279|1|820|"A03AX"
707|1|460|"A03AX"
1194|1|1071|"A03AX"
1303|1|9157|"A03AX"
1395|1|9258|"A03AX"
2496|1|9991|"A03AX"
2717|1|10100|"A03AX"
2962|1|10292|"A03AX"
543|1|582|"A03BA"
1627|1|9371|"A03BA"
2134|1|125|"A03BA"
2839|1|10190|"A03BA"
1907|1|9538|"A03BB"
903|2|298|"A03CA"
539|1|585|"A03CB"
644|1|126|"A03CB"
645|1|127|"A03CB"
1148|1|9319|"A03DA"
1149|1|9320|"A03DA"
2014|2|401|"A03DA"
2136|1|9663|"A03DA"
184|1|199|"A03DB"
529|1|593|"A03DB"
540|1|584|"A03DB"
541|1|583|"A03DB"
312|1|795|"A03E"
2996|1|10320|"A03E"
381|1|715|"A03FA"
382|1|714|"A03FA"
775|1|405|"A03FA"
939|1|271|"A03FA"
1605|1|654|"A03FA"
2872|1|10220|"A03FA"
19|1|1017|"A04AA"
328|1|778|"A04AA"
601|1|543|"A04AA"
1209|1|3077|"A04AA"
2105|1|9631|"A04AA"
2974|1|10305|"A04AA"
420|1|691|"A04AD"
790|1|394|"A04AD"
822|1|116|"A04AD"
2054|3|651|"A04AD"
2540|1|10016|"A04AD"
2729|1|10108|"A04AD"
702|1|81|"A05AA"
847|1|348|"A05AA"
1908|0|9526|"A05AA"
755|1|183|"A05AX"
1155|1|9330|"A05AX"
143|1|917|"A05BA"
334|1|770|"A05BA"
1031|1|638|"A05BA"
1211|1|5068|"A05BA"
2477|1|9977|"A05BA"
2685|1|10082|"A05BA"
2990|1|10316|"A05BA"
148|1|911|"A06AB"
197|1|883|"A06AB"
285|1|815|"A06AB"
558|2|90|"A06AB"
613|1|171|"A06AB"
666|1|168|"A06AB"
1419|1|9285|"A06AB"
2472|1|9972|"A06AB"
2841|1|10191|"A06AB"
213|1|870|"A06AC"
256|1|839|"A06AC"
259|1|836|"A06AC"
368|1|733|"A06AC"
1198|1|1076|"A06AC"
1904|0|9536|"A06AC"
490|1|631|"A06AD"
1032|3|686|"A06AD"
1446|2|936|"A06AD"
2925|1|10259|"A06AD"
293|1|165|"A06AG"
620|1|529|"A06AG"
627|1|530|"A06AG"
637|1|512|"A06AG"
147|1|912|"A06AX"
170|1|898|"A06AX"
215|1|869|"A06AX"
258|1|837|"A06AX"
1909|1|9546|"A06AX"
2481|2|9979|"A06AX"
2498|1|9993|"A06AX"
2681|1|10080|"A06AX"
2905|1|10243|"A06AX"
942|1|113|"A07AA"
971|2|1028|"A07AA"
972|3|623|"A07AA"
1012|1|758|"A07AA"
1380|1|9242|"A07AA"
2107|1|9632|"A07AA"
2109|1|9633|"A07AA"
2111|1|9636|"A07AA"
2859|1|10207|"A07AX"
2964|1|10294|"A07AX"
131|1|928|"A07BA"
265|1|225|"A07BA"
1191|1|1068|"A07BB"
301|1|804|"A07BC"
320|1|215|"A07BC"
917|1|120|"A07BC"
1275|1|9128|"A07BC"
2113|1|9637|"A07BC"
2119|1|9653|"A07BC"
2826|1|10179|"A07BC"
136|1|923|"A07CA"
323|1|783|"A07CA"
2442|1|9956|"A07CA"
2444|1|9957|"A07CA"
442|2|671|"A07DA"
797|1|387|"A07DA"
2120|1|9654|"A07DA"
977|3|854|"A07EA"
1111|3|134|"A07EA"
1596|3|852|"A07EA"
1967|1|710|"A07EA"
2062|1|440|"A07EA"
2121|2|560|"A07EA"
2131|2|9662|"A07EA"
126|1|933|"A07EC"
1297|1|9151|"A07EC"
2122|1|9655|"A07EC"
168|1|899|"A07FA"
1226|1|9075|"A07FA"
1257|1|9109|"A07FA"
2452|1|9965|"A07FA"
1218|1|9067|"A07XA"
2968|1|10298|"A07XA"
144|1|915|"A08AA"
672|1|486|"A08AA"
1404|1|9267|"A08AA"
2860|1|10208|"A08AA"
2880|1|10227|"A08AA"
327|1|779|"A08AB"
133|1|926|"A08AX"
635|1|514|"A08AX"
1280|1|9133|"A08AX"
1403|1|9266|"A08AX"
1641|1|9385|"A08AX"
2139|2|9285|"A08AX"
2470|1|898|"A08AX"
2478|1|9979|"A08AX"
2508|1|10000|"A08AX"
2510|1|10001|"A08AX"
2512|1|10002|"A08AX"
2535|1|10014|"A08AX"
2634|1|10041|"A08AX"
2684|1|10081|"A08AX"
2719|1|10102|"A08AX"
315|1|791|"A09AA"
372|1|118|"A09AA"
743|1|427|"A09AA"
745|1|426|"A09AA"
2451|1|9964|"A09AA"
2862|1|10210|"A09AA"
2881|1|10228|"A09AA"
2921|1|10256|"A09AA"
2883|1|10228|"A09AB"
2995|1|10320|"A09AB"
515|1|605|"A10AA"
517|1|604|"A10AA"
2713|1|10095|"A10AA"
2764|1|10135|"A10AA"
513|1|607|"A10AC"
1164|1|9339|"A10AC"
2712|1|10093|"A10AC"
512|1|608|"A10AE"
2436|1|9949|"A10AE"
2714|1|10097|"A10AE"
405|1|705|"A10BA"
2089|1|9620|"A10BA"
2091|1|9621|"A10BA"
616|1|532|"A10BB"
617|1|531|"A10BB"
624|1|527|"A10BB"
897|1|304|"A10BB"
2095|1|9625|"A10BB"
2097|1|9627|"A10BB"
2099|1|9628|"A10BB"
2101|1|9629|"A10BB"
2103|1|9630|"A10BB"
2140|1|9622|"A10BB"
2141|1|9623|"A10BB"
179|1|894|"A10BD"
414|1|695|"A10BD"
623|1|528|"A10BD"
1352|1|9209|"A10BD"
1365|1|9225|"A10BD"
1383|1|9245|"A10BD"
1394|1|9257|"A10BD"
2711|1|10092|"A10BD"
2806|1|10167|"A10BD"
667|1|14|"A10BF"
180|1|893|"A10BG"
278|1|821|"A10BG"
1351|1|9208|"A10BH"
1384|1|9246|"A10BH"
2502|1|9996|"A10BH"
2944|1|10278|"A10BH"
200|1|881|"A10BX"
352|1|747|"A10BX"
1333|1|9190|"A10BX"
2840|1|10191|"A10BX"
1371|2|9232|"A10XA"
1755|3|855|"A10XA"
2142|2|9249|"A10XA"
2443|2|9957|"A10XA"
2551|2|941|"A10XA"
2567|3|517|"A10XA"
2578|2|9226|"A10XA"
2586|3|782|"A10XA"
2627|3|220|"A10XA"
151|1|146|"A11AA"
482|1|223|"A11AA"
870|1|329|"A11AA"
1048|1|735|"A11AA"
1156|1|9331|"A11AA"
1336|1|9193|"A11AA"
1427|1|9293|"A11AA"
2488|2|9985|"A11AA"
2499|1|9994|"A11AA"
2514|1|338|"A11AA"
2688|2|10083|"A11AA"
457|1|145|"A11AB"
695|1|158|"A11AB"
869|1|1037|"A11AB"
1147|1|9318|"A11AB"
2519|1|9558|"A11AB"
2520|1|9560|"A11AB"
35|1|1045|"A11CA"
456|1|144|"A11CA"
222|1|20|"A11CB"
997|1|1034|"A11CB"
1745|1|9489|"A11CB"
2066|1|25|"A11CB"
2958|1|10288|"A11CB"
116|1|209|"A11CC"
699|1|87|"A11CC"
2763|1|9495|"A11CC"
129|1|930|"A11DA"
652|1|1046|"A11DA"
874|1|327|"A11DB"
1172|1|9347|"A11DB"
2440|1|9953|"A11DB"
866|1|331|"A11EA"
865|1|332|"A11EX"
2080|1|9615|"A11EX"
2939|1|10273|"A11EX"
1176|1|1049|"A11GA"
653|1|1035|"A11GB"
924|1|1043|"A11GB"
1152|1|9327|"A11GB"
2773|1|10143|"A11GB"
2991|1|10316|"A11GB"
269|1|9093|"A11HA"
1177|1|1050|"A11HA"
2843|1|10193|"A11HA"
2900|1|10240|"A11JA"
36|1|1044|"A11JB"
1047|1|737|"A11JC"
2671|1|10075|"A11JC"
2896|1|10238|"A11JC"
2904|1|10242|"A11JC"
171|1|205|"A12AA"
282|1|816|"A12AA"
750|1|204|"A12AA"
2437|1|9950|"A12AA"
2450|1|9963|"A12AA"
2582|2|9356|"A12AA"
449|1|206|"A12AX"
566|1|564|"A12AX"
638|1|511|"A12AX"
1295|1|9148|"A12AX"
1296|1|9149|"A12AX"
1426|1|9292|"A12AX"
2083|1|9616|"A12AX"
2449|1|9962|"A12AX"
1378|1|9240|"A12BA"
2916|1|10252|"A12BA"
2726|1|10105|"A12CA"
877|1|323|"A12CB"
1173|1|9348|"A12CB"
1341|1|9198|"A12CB"
1034|1|936|"A12CC"
1210|1|5067|"A12CC"
1289|1|9142|"A12CC"
2895|1|10238|"A12CC"
2522|1|10005|"A12CE"
1141|1|9325|"A12CX"
2547|2|9528|"A12CX"
625|1|525|"A13AA"
626|1|524|"A13AA"
2081|2|1063|"A13AA"
2744|1|10122|"A13AA"
2143|1|9664|"A14AA"
2144|1|9665|"A14AA"
2145|1|9666|"A14AA"
2915|1|10251|"A14AA"
852|1|343|"A14AB"
810|1|376|"A15A1"
2017|1|9576|"A15A1"
2435|2|25|"A15A1"
2549|2|9537|"A15A1"
2677|1|10078|"A15A1"
474|1|644|"A15A2"
2019|1|9577|"A15A2"
472|1|646|"A16AA"
484|1|637|"A16AA"
1146|1|9317|"A16AA"
1169|1|9344|"A16AA"
1190|1|1067|"A16AA"
2146|1|540|"A16AA"
2147|1|9667|"A16AA"
2736|1|10114|"A16AA"
1366|1|9226|"A16AX"
1951|1|9525|"A16AX"
2516|1|9340|"A16AX"
286|1|814|"A01AB"
575|1|557|"A01AB"
606|1|539|"A01AB"
609|1|536|"A01AB"
993|3|683|"A01AB"
1438|3|324|"A01AB"
1439|2|412|"A01AB"
1806|2|556|"A01AB"
2492|2|9987|"A01AB"
2759|1|721|"A01AB"
2897|1|10239|"A01AB"
2955|1|10287|"A01AB"
1181|1|1056|"B01AA"
2148|1|9668|"B01AA"
2149|1|9669|"B01AA"
2150|1|9671|"B01AA"
120|1|941|"B01AB"
305|1|800|"B01AB"
364|1|739|"B01AB"
747|1|424|"B01AB"
857|1|339|"B01AB"
1021|1|553|"B01AB"
1910|0|9531|"B01AB"
2151|1|9672|"B01AB"
2152|1|9673|"B01AB"
2153|1|9675|"B01AB"
2154|1|9676|"B01AB"
80|1|978|"B01AC"
86|1|970|"B01AC"
522|1|599|"B01AC"
783|1|400|"B01AC"
907|1|294|"B01AC"
1056|2|51|"B01AC"
1300|1|9154|"B01AC"
1359|1|9217|"B01AC"
1615|1|9359|"B01AC"
1912|0|9552|"B01AC"
2155|1|9677|"B01AC"
2156|1|9678|"B01AC"
2157|1|9679|"B01AC"
2158|1|9680|"B01AC"
2159|1|9681|"B01AC"
2160|1|9682|"B01AC"
2161|1|9684|"B01AC"
2162|1|9685|"B01AC"
2462|1|9969|"B01AC"
2574|2|50|"B01AC"
2802|1|10163|"B01AC"
717|1|452|"B01AD"
2163|1|9686|"B01AD"
2164|1|9687|"B01AD"
2165|1|9688|"B01AD"
2166|1|9689|"B01AD"
2167|1|9690|"B01AD"
2168|1|9691|"B01AD"
2169|1|9692|"B01AD"
2170|1|9693|"B01AD"
2171|1|9694|"B01AD"
2172|1|9695|"B01AD"
1389|1|9252|"B01AE"
2173|1|9696|"B01AE"
2174|1|9697|"B01AE"
2175|1|9698|"B01AE"
2176|1|9699|"B01AE"
2177|1|9700|"B01AE"
1322|1|9177|"B01AX"
1392|1|9255|"B01AX"
2178|1|9701|"B01AX"
2179|1|9702|"B01AX"
56|1|101|"B02AA"
386|1|71|"B02AA"
1274|1|9127|"B02AA"
2180|1|9703|"B02AA"
2676|1|10077|"B02AA"
2181|1|9704|"B02AB"
2182|1|9705|"B02AB"
2183|1|9706|"B02AB"
1179|1|1052|"B02BA"
2184|1|9708|"B02BA"
2185|1|9709|"B02BA"
2186|1|9711|"B02BB"
2187|1|9712|"B02BC"
2188|1|9713|"B02BC"
2189|1|9714|"B02BC"
2190|1|9715|"B02BC"
2191|1|9716|"B02BC"
2192|1|9718|"B02BC"
2193|1|9719|"B02BC"
2194|2|9711|"B02BC"
2195|1|9720|"B02BD"
2196|1|9721|"B02BD"
2197|1|9722|"B02BD"
2198|1|9723|"B02BD"
710|1|457|"B02BX"
2199|1|9724|"B02BX"
2200|1|9725|"B02BX"
2201|1|9726|"B02BX"
552|1|573|"B03AA"
2133|1|573|"B03AB"
551|1|574|"B03AD"
545|1|580|"B03AE"
546|1|579|"B03AE"
547|1|578|"B03AE"
548|1|577|"B03AE"
549|1|576|"B03AE"
550|1|575|"B03AE"
1163|1|9338|"B03AE"
1251|1|9103|"B03AE"
1425|1|9291|"B03AE"
561|1|1040|"B03BA"
1170|1|9347|"B03BA"
1281|1|9134|"B03BA"
2983|1|10313|"B03BA"
872|1|54|"B03BB"
1304|1|9158|"B03BB"
2042|1|9583|"B03BB"
2739|1|10117|"B03BB"
738|1|433|"B03XA"
1327|1|9184|"B03XA"
2857|1|10205|"B03XA"
254|1|841|"B05AA"
395|1|80|"B05AA"
630|1|519|"B05AA"
2204|1|9728|"B05AA"
2205|1|9729|"B05AA"
2206|1|9730|"B05AA"
51|1|996|"B05BA"
820|1|366|"B05BA"
826|1|368|"B05BA"
827|1|367|"B05BA"
2207|1|9731|"B05BB"
1448|1|686|"B05BC"
2441|1|9954|"B05BC"
2465|1|9970|"B05BC"
989|2|762|"B05CA"
2209|2|252|"B05CA"
2210|2|536|"B05CA"
2211|1|9733|"B05CA"
2212|1|9734|"B05CA"
2213|1|9735|"B05CA"
2214|1|9736|"B05CA"
2215|1|9737|"B05CA"
2216|1|9738|"B05CB"
1057|1|686|"B05CX"
1252|1|9104|"B05CX"
878|1|322|"B05XA"
879|1|321|"B05XA"
880|1|320|"B05XA"
881|1|319|"B05XA"
882|1|318|"B05XA"
883|1|317|"B05XA"
885|1|316|"B05XA"
886|1|315|"B05XA"
887|1|314|"B05XA"
888|1|313|"B05XA"
889|1|312|"B05XA"
891|1|310|"B05XA"
1158|1|9333|"B05XA"
2446|1|9959|"B05XA"
2651|1|10058|"B05XA"
605|1|540|"B05XB"
2217|1|9739|"B05XB"
1204|1|3071|"B05XX"
2778|1|10148|"B05XX"
2218|1|9740|"B06AA"
2219|1|9741|"B06AA"
2220|1|9742|"B06AA"
2221|1|9743|"B06AA"
2222|1|9744|"B06AA"
2223|1|9746|"B06AA"
2224|1|9748|"B06AB"
795|1|389|"C01AA"
378|1|720|"C01BB"
1450|1|657|"C01BB"
236|1|859|"C01BC"
24|1|103|"C01BD"
392|1|77|"C01CA"
708|1|459|"C01CA"
773|1|407|"C01CA"
776|1|404|"C01CA"
1241|1|9092|"C01CA"
1824|2|420|"C01CA"
2813|1|10173|"C01CA"
340|1|763|"C01DA"
998|1|618|"C01DA"
1587|2|93|"C01EA"
38|1|1007|"C01EB"
1372|1|9233|"C01EB"
2669|1|10074|"C01EB"
2226|1|9750|"C02AA"
2227|1|9751|"C02AA"
2228|1|9753|"C02AA"
2229|1|9754|"C02AA"
2230|1|9755|"C02AA"
403|1|707|"C02AB"
1286|1|9139|"C02AB"
190|1|886|"C02AC"
956|1|290|"C02AC"
2231|1|9756|"C02AC"
2232|1|9757|"C02AC"
2233|1|9758|"C02AC"
2234|1|9759|"C02BA"
2235|1|9760|"C02BB"
245|1|851|"C02CA"
2236|1|9761|"C02CA"
2237|1|9762|"C02CA"
2238|1|9763|"C02CA"
2570|2|411|"C02CA"
2239|1|9764|"C02CC"
2240|1|9765|"C02CC"
2241|1|9766|"C02CC"
2242|1|9767|"C02CC"
2243|1|9768|"C02CC"
2244|1|9769|"C02CC"
2245|1|9770|"C02CC"
2246|1|9771|"C02DA"
2247|1|9772|"C02DB"
2248|1|9773|"C02DB"
2249|1|9774|"C02DB"
2250|1|9776|"C02DB"
1696|1|9440|"C02DC"
2251|1|9777|"C02DD"
2252|1|9778|"C02DG"
2253|1|9779|"C02KA"
2254|1|9780|"C02KB"
2255|1|9781|"C02KC"
2256|1|9782|"C02KD"
2257|1|9783|"C02KX"
2258|1|9784|"C02KX"
2259|1|9785|"C02KX"
574|1|559|"C03AA"
2123|1|9656|"C03AA"
523|1|598|"C03BA"
1452|2|921|"C03BX"
194|1|194|"C03CA"
633|1|516|"C03CA"
2844|1|10194|"C03CA"
1028|1|921|"C03CX"
2762|2|9265|"C03CX"
733|1|438|"C03DA"
1377|1|9239|"C03DA"
2865|1|10213|"C03DB"
65|1|100|"C03EA"
732|1|439|"C03EA"
2654|1|10061|"C03EA"
497|1|620|"C04AA"
2124|1|9657|"C04AA"
2260|1|9786|"C04AA"
2261|1|9787|"C04AA"
2125|1|9658|"C04AB"
2126|1|9659|"C04AB"
2262|1|9788|"C04AC"
2263|1|9789|"C04AC"
2264|1|9790|"C04AC"
297|1|807|"C04AD"
2127|1|9660|"C04AD"
2265|1|9791|"C04AD"
347|1|753|"C04AE"
792|1|391|"C04AE"
2128|1|9661|"C04AE"
2266|1|9792|"C04AF"
111|1|1033|"C04AX"
359|1|743|"C04AX"
711|1|135|"C04AX"
712|1|172|"C04AX"
1453|2|526|"C04AX"
2267|1|9793|"C04AX"
2268|1|9794|"C04AX"
2269|1|9795|"C04AX"
2270|1|9796|"C04AX"
2271|1|9797|"C04AX"
2272|1|9798|"C04AX"
2273|1|9799|"C04AX"
2274|1|9800|"C04AX"
2275|1|9801|"C04AX"
2276|1|9802|"C04AX"
2277|1|9803|"C04AX"
2278|1|9804|"C04AX"
2279|1|9805|"C04AX"
2690|2|10084|"C04AX"
243|1|853|"C05AA"
1058|3|148|"C05AA"
1059|1|504|"C05AA"
1455|2|852|"C05AA"
1456|2|997|"C05AA"
1867|2|854|"C05AA"
1964|1|710|"C05AA"
2064|2|440|"C05AA"
2280|1|560|"C05AA"
1115|2|657|"C05AD"
1269|3|9121|"C05AD"
1458|2|9098|"C05AD"
2282|1|9807|"C05AD"
2283|1|9808|"C05AD"
2886|1|10231|"C05AD"
47|1|1002|"C05AX"
594|1|551|"C05AX"
703|1|464|"C05AX"
927|1|281|"C05AX"
1020|2|1001|"C05AX"
2673|1|10076|"C05AX"
366|1|734|"C05BA"
1459|2|553|"C05BA"
2284|1|9809|"C05BA"
2285|1|9810|"C05BA"
257|1|838|"C05BB"
2286|1|9811|"C05BB"
777|1|403|"C05BX"
2085|1|9617|"C05BX"
2873|1|10221|"C05BX"
34|1|1009|"C05CA"
176|1|897|"C05CA"
568|1|563|"C05CA"
784|1|399|"C05CA"
785|1|398|"C05CA"
2287|1|9812|"C05CA"
2588|1|10021|"C05CA"
393|1|78|"C05CX"
595|1|550|"C05CX"
693|1|469|"C05CX"
700|1|467|"C05CX"
1460|1|1001|"C05CX"
1606|1|250|"C05CX"
2281|2|1002|"C05CX"
2674|1|10076|"C05CX"
2721|1|10103|"C05CX"
235|1|860|"C07AA"
365|1|738|"C07AA"
2288|1|9813|"C07AA"
2289|1|9814|"C07AA"
2290|1|9815|"C07AA"
2291|2|971|"C07AA"
2292|1|9817|"C07AA"
2293|1|9818|"C07AA"
2294|1|9819|"C07AA"
2295|1|9820|"C07AA"
2296|1|9821|"C07AA"
2297|1|9822|"C07AA"
2298|1|9823|"C07AA"
2299|1|9824|"C07AA"
351|1|748|"C07AB"
380|1|716|"C07AB"
639|1|121|"C07AB"
780|1|169|"C07AB"
2300|1|9825|"C07AB"
2301|1|9826|"C07AB"
2302|1|157|"C07AB"
2303|1|9827|"C07AB"
2304|1|9828|"C07AB"
2305|1|9829|"C07AB"
2306|1|9830|"C07AB"
2307|1|9831|"C07AB"
13|1|232|"C07AG"
2308|1|9832|"C07AG"
610|1|170|"C07BB"
3002|1|10325|"C07BB"
234|1|861|"C07CA"
908|1|293|"C07CA"
640|1|122|"C07CB"
342|1|760|"C08CA"
344|1|757|"C08CA"
345|1|755|"C08CA"
448|1|105|"C08CA"
480|1|640|"C08CA"
492|1|629|"C08CA"
677|1|480|"C08CA"
1214|1|7067|"C08CA"
2309|1|9833|"C08CA"
2310|1|9834|"C08CA"
2311|1|9835|"C08CA"
2312|1|9836|"C08CA"
2313|1|9837|"C08CA"
2314|1|9838|"C08CA"
2315|1|9839|"C08CA"
2316|1|9840|"C08CA"
2317|1|9841|"C08CX"
2581|2|262|"C08CX"
3|1|1031|"C08DA"
2318|1|9842|"C08DA"
791|1|392|"C08DB"
2319|1|9843|"C08EA"
2320|1|9844|"C08EA"
2321|1|9845|"C08EX"
2322|1|9846|"C08EX"
205|1|877|"C09AA"
209|1|873|"C09AA"
289|1|811|"C09AA"
516|1|218|"C09AA"
518|1|603|"C09AA"
636|1|513|"C09AA"
749|1|422|"C09AA"
938|1|259|"C09AA"
1311|1|9166|"C09AA"
1408|1|9273|"C09AA"
2323|1|9847|"C09AA"
2324|1|9848|"C09AA"
2325|1|9849|"C09AA"
2326|1|9850|"C09AA"
2327|1|9851|"C09AA"
2328|1|9852|"C09AA"
208|1|874|"C09BA"
291|1|810|"C09BA"
444|1|668|"C09BA"
748|1|423|"C09BA"
834|1|219|"C09BA"
2032|1|9580|"C09BA"
2715|1|10098|"C09BA"
2|1|1032|"C09BB"
483|1|106|"C09BB"
1290|1|9143|"C09BB"
2542|1|10017|"C09BB"
2628|1|10035|"C09BB"
2788|1|10158|"C09BB"
2848|1|10198|"C09BB"
2879|1|10226|"C09BB"
8|1|1026|"C09CA"
103|1|954|"C09CA"
330|1|775|"C09CA"
435|1|677|"C09CA"
505|1|613|"C09CA"
1314|1|9169|"C09CA"
1391|1|9254|"C09CA"
2329|1|9853|"C09CA"
6|1|1027|"C09DA"
23|1|213|"C09DA"
102|1|955|"C09DA"
434|1|678|"C09DA"
502|1|614|"C09DA"
1316|1|9171|"C09DA"
1330|1|9187|"C09DA"
1350|1|9207|"C09DA"
1855|1|9514|"C09DA"
2475|1|9975|"C09DA"
2911|1|10248|"C09DA"
1353|1|9210|"C09XA"
1400|1|9263|"C09XA"
2330|1|9854|"C09XA"
139|1|919|"C10AA"
178|1|895|"C10AA"
246|1|850|"C10AA"
432|1|680|"C10AA"
642|1|124|"C10AA"
2331|1|9855|"C10AA"
2332|1|9856|"C10AA"
40|1|159|"C10AB"
62|1|263|"C10AB"
628|1|520|"C10AB"
2333|1|9857|"C10AB"
2334|1|9858|"C10AB"
2335|1|9859|"C10AB"
2336|1|9860|"C10AB"
2337|1|9861|"C10AB"
2338|1|9862|"C10AB"
2339|1|9863|"C10AC"
2340|1|9864|"C10AC"
2341|1|9865|"C10AC"
2342|1|9866|"C10AC"
1406|2|9270|"C10AD"
2343|1|9867|"C10AD"
2344|1|9868|"C10AD"
2345|1|9869|"C10AD"
2346|1|9870|"C10AD"
138|1|920|"C10AX"
682|1|476|"C10AX"
686|1|138|"C10AX"
1144|1|9315|"C10AX"
1449|2|638|"C10AX"
1572|1|23|"C10AX"
1573|1|24|"C10AX"
1579|1|9276|"C10AX"
1602|1|9353|"C10AX"
1603|1|21|"C10AX"
2045|2|9133|"C10AX"
2048|3|9267|"C10AX"
2049|3|637|"C10AX"
2347|1|9871|"C10AX"
2348|1|9872|"C10AX"
2349|1|9873|"C10AX"
2350|1|9874|"C10AX"
2351|1|9875|"C10AX"
2479|2|9979|"C10AX"
2518|1|772|"C10AX"
2536|2|10014|"C10AX"
2668|1|10074|"C10AX"
2708|1|7067|"C10AX"
2790|2|10021|"C10AX"
2837|1|10188|"C10AX"
671|1|257|"D01AA"
1009|1|544|"D01AA"
1468|2|758|"D01AA"
1703|1|9447|"D01AA"
2352|1|9876|"D01AA"
2353|1|9877|"D01AA"
2354|1|9878|"D01AA"
2355|1|9879|"D01AA"
2356|1|9880|"D01AA"
146|1|913|"D01AC"
237|1|163|"D01AC"
238|1|164|"D01AC"
501|1|615|"D01AC"
661|1|496|"D01AC"
982|1|974|"D01AC"
983|1|9150|"D01AC"
1041|1|721|"D01AC"
1061|2|324|"D01AC"
1469|1|487|"D01AC"
1470|2|625|"D01AC"
2357|1|9881|"D01AC"
2358|1|9882|"D01AC"
2359|1|9883|"D01AC"
2360|1|9884|"D01AC"
2361|1|9885|"D01AC"
2362|1|9886|"D01AC"
2877|1|10224|"D01AC"
68|1|985|"D01AE"
69|1|107|"D01AE"
121|1|940|"D01AE"
387|1|72|"D01AE"
1008|2|959|"D01AE"
1199|1|1077|"D01AE"
1320|1|9175|"D01AE"
2053|1|9586|"D01AE"
2363|1|9887|"D01AE"
2364|1|9888|"D01AE"
2365|1|9889|"D01AE"
2366|1|9890|"D01AE"
2367|1|9891|"D01AE"
2368|1|9892|"D01AE"
2369|1|9893|"D01AE"
2370|1|9895|"D01AE"
2371|1|9896|"D01AE"
2372|1|9897|"D01AE"
2373|1|9898|"D01AE"
2374|1|9899|"D01AE"
2375|1|9900|"D01AE"
752|2|419|"D01BA"
1471|2|544|"D01BA"
1472|1|959|"D01BA"
1233|1|9083|"D02AA"
1249|1|9101|"D02AB"
1265|1|9117|"D02AB"
1473|1|1038|"D02AB"
2377|1|9902|"D02AB"
2382|2|785|"D02AB"
2922|1|10257|"D02AB"
1237|1|9087|"D02AC"
1420|1|9286|"D02AC"
2208|1|9732|"D02AE"
2378|1|221|"D02AE"
485|1|636|"D02AX"
728|1|443|"D02AX"
729|1|442|"D02AX"
730|1|441|"D02AX"
1001|1|69|"D02AX"
1196|1|1073|"D02AX"
1206|1|3073|"D02AX"
1254|1|9106|"D02AX"
1430|1|9296|"D02AX"
1595|1|341|"D02AX"
2969|1|10299|"D02AX"
1215|1|7068|"D02BA"
1294|1|9147|"D02BA"
2379|1|9903|"D02BA"
2380|1|9904|"D02BA"
2381|2|144|"D02BB"
25|1|1013|"D03AX"
156|1|903|"D03AX"
319|1|785|"D03AX"
663|1|494|"D03AX"
665|1|492|"D03AX"
764|1|414|"D03AX"
839|1|358|"D03AX"
864|1|333|"D03AX"
893|1|308|"D03AX"
959|2|1058|"D03AX"
1184|1|1061|"D03AX"
1185|1|1062|"D03AX"
1369|1|9230|"D03AX"
1483|2|1034|"D03AX"
1607|1|250|"D03AX"
2383|2|9902|"D03AX"
2473|1|9973|"D03AX"
2521|1|10004|"D03AX"
2528|1|10009|"D03AX"
2539|1|10015|"D03AX"
742|1|428|"D03BA"
868|1|330|"D03BA"
1154|1|9329|"D04AA"
1484|1|82|"D04AA"
1777|2|384|"D04AA"
2384|1|9905|"D04AA"
2385|1|9906|"D04AA"
2386|1|9907|"D04AA"
2387|1|9908|"D04AA"
2388|1|9909|"D04AA"
2389|1|9910|"D04AA"
2390|1|9911|"D04AA"
2391|1|9912|"D04AA"
2392|1|9913|"D04AA"
2393|1|9914|"D04AA"
2394|1|9915|"D04AA"
2395|1|9916|"D04AA"
1062|2|657|"D04AB"
1581|2|9121|"D04AB"
1734|1|9478|"D04AB"
2396|1|9917|"D04AB"
2397|1|9918|"D04AB"
2398|1|9919|"D04AB"
2399|1|9808|"D04AB"
413|1|696|"D04AX"
817|1|202|"D04AX"
818|1|203|"D04AX"
859|1|201|"D04AX"
1260|1|9112|"D04AX"
1261|1|9113|"D04AX"
1264|1|9116|"D04AX"
1485|1|84|"D04AX"
137|1|922|"D05AA"
2400|1|9920|"D05AC"
2401|1|9921|"D05AD"
2402|1|9922|"D05AD"
114|1|207|"D05AX"
2403|1|9923|"D05AX"
2404|2|209|"D05AX"
2405|1|9924|"D05AX"
2406|1|9925|"D05AX"
2448|1|9960|"D05AX"
2407|1|9926|"D05BA"
2408|1|9927|"D05BA"
2409|1|9928|"D05BA"
390|1|75|"D05BB"
2410|1|9929|"D05BB"
2411|1|9930|"D05BB"
984|2|787|"D06AA"
2412|1|9931|"D06AA"
2413|1|9932|"D06AA"
2615|1|10024|"D06AA"
123|1|937|"D06AX"
308|2|133|"D06AX"
349|1|749|"D06AX"
770|2|736|"D06AX"
975|3|521|"D06AX"
986|3|9082|"D06AX"
1624|1|9368|"D06AX"
1664|1|9408|"D06AX"
1667|1|9411|"D06AX"
2416|2|9737|"D06AX"
2417|1|9933|"D06AX"
2418|1|9934|"D06AX"
2420|1|9935|"D06AX"
2614|1|10023|"D06AX"
2616|1|10025|"D06AX"
2617|1|10026|"D06AX"
2791|1|885|"D06AX"
2951|1|10285|"D06AX"
127|1|932|"D06BA"
2421|1|9936|"D06BA"
2422|1|9937|"D06BA"
2423|1|9938|"D06BA"
2424|1|9939|"D06BA"
1244|1|9095|"D06BB"
1613|1|9357|"D06BB"
2425|1|9940|"D06BB"
2426|1|9941|"D06BB"
2427|1|9942|"D06BB"
2428|1|9943|"D06BB"
2429|1|9944|"D06BB"
2430|1|9945|"D06BB"
2431|1|9946|"D06BB"
2432|1|9947|"D06BB"
2433|1|9948|"D06BB"
1487|3|683|"D06BX"
400|1|710|"D07AA"
1063|3|852|"D07AA"
1721|1|9465|"D07AA"
1866|3|854|"D07AA"
1970|1|9561|"D07AA"
2061|2|440|"D07AA"
923|1|286|"D07AB"
1065|1|353|"D07AB"
1360|1|9219|"D07AB"
1489|3|504|"D07AB"
1653|1|9397|"D07AB"
1847|1|9512|"D07AB"
2874|1|10221|"D07AB"
141|2|352|"D07AC"
1023|2|9218|"D07AC"
1033|3|148|"D07AC"
1695|1|9439|"D07AC"
1901|1|9534|"D07AC"
2949|1|10283|"D07AC"
2963|1|10293|"D07AC"
597|1|548|"D07AD"
925|1|285|"D07AD"
50|1|998|"D07BB"
657|1|500|"D07BB"
1362|1|9222|"D07BB"
373|1|728|"D07BC"
598|1|547|"D07BC"
621|1|151|"D07BC"
796|1|388|"D07BC"
985|2|9220|"D07BC"
49|1|999|"D07CB"
439|1|155|"D07CB"
781|1|154|"D07CB"
841|1|355|"D07CB"
2706|1|325|"D07CB"
655|1|503|"D07CC"
2893|1|10236|"D07CC"
2989|1|10315|"D07CC"
2077|2|853|"D07XA"
1124|3|504|"D07XB"
1|1|152|"D07XC"
71|1|149|"D07XC"
90|1|150|"D07XC"
534|1|588|"D07XC"
1100|3|148|"D07XC"
1263|1|9115|"D07XC"
1363|1|9223|"D07XC"
2625|1|10034|"D07XC"
2784|1|10154|"D07XC"
1002|1|67|"D07XD"
140|1|217|"D08AA"
1200|1|1078|"D08AA"
2825|1|10178|"D08AB"
1915|1|9543|"D08AE"
2815|1|10174|"D08AE"
2887|1|10231|"D08AE"
2906|1|10244|"D08AE"
1491|1|762|"D08AF"
987|1|846|"D08AG"
1182|1|1057|"D08AG"
988|2|305|"D08AJ"
1298|1|9152|"D08AJ"
46|1|1004|"D08AX"
1067|1|762|"D09AA"
1492|2|305|"D09AA"
1493|1|846|"D09AA"
1494|2|9082|"D09AA"
1495|1|9220|"D09AA"
1097|3|504|"D10AA"
1462|2|353|"D10AA"
2923|1|10257|"D10AB"
52|1|995|"D10AD"
241|1|61|"D10AD"
391|1|76|"D10AD"
498|1|619|"D10AD"
970|1|994|"D10AD"
1153|1|9328|"D10AD"
214|1|143|"D10AE"
1312|1|9167|"D10AE"
1463|2|283|"D10AF"
1464|3|432|"D10AF"
1892|1|9520|"D10AF"
2613|1|10022|"D10AF"
2950|1|10284|"D10AF"
295|1|52|"D10AX"
999|1|9088|"D10AX"
1003|1|66|"D10AX"
1006|1|63|"D10AX"
2376|2|443|"D10AX"
2482|1|9980|"D10AX"
2732|1|10111|"D10AX"
2973|1|10304|"D10AX"
2480|2|9979|"D10BX"
2489|2|270|"D10BX"
2550|2|445|"D10BX"
2562|2|303|"D10BX"
1060|1|846|"D11AC"
2476|1|9976|"D11AC"
2490|1|9986|"D11AC"
1784|1|9497|"D11AE"
2952|1|10285|"D11AE"
15|1|1021|"D11AX"
198|1|882|"D11AX"
220|1|18|"D11AX"
224|1|22|"D11AX"
250|1|845|"D11AX"
255|1|840|"D11AX"
261|1|834|"D11AX"
262|1|833|"D11AX"
267|1|831|"D11AX"
281|1|818|"D11AX"
294|1|26|"D11AX"
535|1|587|"D11AX"
685|1|473|"D11AX"
697|1|221|"D11AX"
849|1|346|"D11AX"
873|1|55|"D11AX"
913|1|142|"D11AX"
920|1|57|"D11AX"
969|2|946|"D11AX"
1004|1|65|"D11AX"
1005|1|64|"D11AX"
1167|1|9342|"D11AX"
1171|1|9346|"D11AX"
1216|1|7069|"D11AX"
1221|1|9070|"D11AX"
1229|1|9078|"D11AX"
1422|1|9288|"D11AX"
1465|2|491|"D11AX"
1467|2|729|"D11AX"
1586|1|90|"D11AX"
1793|2|378|"D11AX"
1797|2|379|"D11AX"
1854|1|9236|"D11AX"
1997|1|9966|"D11AX"
2031|2|358|"D11AX"
2052|1|9585|"D11AX"
2497|1|9992|"D11AX"
2501|1|9995|"D11AX"
2534|1|10013|"D11AX"
2543|1|10018|"D11AX"
2619|1|10028|"D11AX"
2709|1|56|"D11AX"
2854|2|730|"D11AX"
3000|1|10323|"D11AX"
1068|3|283|"G01AA"
1069|2|758|"G01AA"
1496|2|787|"G01AA"
1841|1|9507|"G01AA"
1990|1|9568|"G01AA"
2851|1|10201|"G01AA"
2890|1|10234|"G01AA"
2979|1|10310|"G01AA"
299|1|53|"G01AD"
793|1|47|"G01AD"
1977|1|56|"G01AD"
2033|1|9582|"G01AD"
1011|2|487|"G01AF"
1040|2|324|"G01AF"
1070|2|683|"G01AF"
1071|3|625|"G01AF"
1238|1|9089|"G01AF"
1343|1|9200|"G01AF"
1498|2|974|"G01AF"
1981|1|9562|"G01AF"
1982|1|9563|"G01AF"
1983|2|972|"G01AF"
1985|2|615|"G01AF"
1987|1|9565|"G01AF"
1988|1|9566|"G01AF"
1989|1|9567|"G01AF"
1991|1|9569|"G01AF"
1992|1|9570|"G01AF"
1993|1|9571|"G01AF"
2003|1|325|"G01AF"
2004|2|152|"G01AF"
2474|1|9974|"G01AF"
2626|2|10034|"G01AF"
2707|1|910|"G01AF"
2852|1|10201|"G01AF"
2855|1|10203|"G01AF"
2888|1|10232|"G01AF"
2889|1|10233|"G01AF"
2909|1|10247|"G01AF"
98|1|960|"G01AG"
427|1|687|"G01AX"
634|1|515|"G01AX"
690|1|471|"G01AX"
855|2|341|"G01AX"
1102|2|846|"G01AX"
1230|1|9079|"G01AX"
1288|1|9141|"G01AX"
1822|2|1057|"G01AX"
1848|1|9513|"G01AX"
1914|2|9553|"G01AX"
1984|2|762|"G01AX"
1986|1|9564|"G01AX"
2460|2|1012|"G01AX"
2814|1|10174|"G01AX"
2932|1|10266|"G01AX"
569|1|562|"G02AC"
1203|1|3070|"G02AC"
1499|2|484|"G02CA"
955|3|182|"G02CB"
1999|1|9573|"G02CC"
27|1|1012|"G02CX"
500|1|616|"G02CX"
772|1|261|"G02CX"
2696|2|10086|"G02CX"
2785|1|10155|"G02CX"
336|1|768|"G03AA"
338|1|765|"G03AA"
718|1|451|"G03AA"
763|1|415|"G03AA"
844|1|350|"G03AA"
973|1|523|"G03AA"
980|1|653|"G03AA"
2777|1|10147|"G03AA"
2971|1|10302|"G03AA"
2972|1|10303|"G03AA"
335|1|769|"G03AB"
843|1|351|"G03AB"
898|1|303|"G03AB"
1500|2|653|"G03AB"
419|1|692|"G03AC"
452|1|663|"G03AC"
802|1|383|"G03AC"
979|1|652|"G03AC"
2928|1|10262|"G03AC"
17|1|1019|"G03BA"
96|1|962|"G03BA"
2716|1|10099|"G03BB"
715|1|454|"G03CA"
716|1|453|"G03CA"
726|1|444|"G03CA"
1197|1|1074|"G03CA"
2517|1|9281|"G03CA"
954|3|200|"G03CB"
714|1|455|"G03CC"
722|1|448|"G03CC"
242|1|856|"G03DA"
2927|1|10261|"G03DA"
2975|1|10306|"G03DB"
87|1|969|"G03DC"
247|1|849|"G03EA"
337|1|766|"G03FA"
402|1|708|"G03FA"
713|1|456|"G03FA"
719|1|450|"G03FA"
720|1|449|"G03FA"
723|1|447|"G03FA"
724|1|446|"G03FA"
1370|1|9231|"G03FA"
430|1|682|"G03GA"
538|1|586|"G03GA"
603|1|541|"G03GA"
863|1|334|"G03GA"
934|1|275|"G03GB"
725|1|445|"G03HB"
1895|1|270|"G03HB"
856|1|340|"G03XA"
206|1|876|"G03XC"
67|1|986|"G04BD"
321|1|784|"G04BD"
664|1|493|"G04BD"
2661|1|10067|"G04BD"
5|1|1029|"G04BE"
42|1|93|"G04BE"
112|1|947|"G04BE"
1029|1|916|"G04BE"
1502|2|794|"G04BE"
2698|2|10087|"G04BE"
564|1|214|"G04BX"
912|1|141|"G04BX"
929|1|279|"G04BX"
1250|1|9102|"G04BX"
1324|1|9180|"G04BX"
1390|1|9253|"G04BX"
1781|2|288|"G04BX"
1782|2|506|"G04BX"
1783|2|914|"G04BX"
2034|3|686|"G04BX"
2046|2|9133|"G04BX"
2050|2|637|"G04BX"
2065|2|91|"G04BX"
2538|3|10014|"G04BX"
2702|2|10089|"G04BX"
2866|1|10215|"G04BX"
2908|1|10245|"G04BX"
99|1|958|"G04CA"
109|1|949|"G04CA"
688|1|88|"G04CA"
766|1|411|"G04CA"
2876|1|10223|"G04CA"
1015|1|491|"G04CB"
1348|1|9205|"G04CB"
694|1|468|"G04CX"
811|1|9238|"G04CX"
1143|1|9324|"G04CX"
1421|1|9287|"G04CX"
1960|2|9557|"G04CX"
94|1|964|"H01AA"
134|1|925|"H01AC"
1306|1|9160|"H01BA"
318|1|788|"H01BB"
135|1|924|"H01CB"
333|1|771|"H01CB"
1278|1|9131|"H01CC"
571|1|560|"H02AB"
731|1|440|"H02AB"
848|1|347|"H02AB"
1018|1|353|"H02AB"
1117|1|997|"H02AB"
1118|1|148|"H02AB"
1503|1|854|"H02AB"
1597|1|852|"H02AB"
1966|1|710|"H02AB"
2129|1|9662|"H02AB"
570|1|561|"H02BX"
829|1|268|"H02BX"
842|1|354|"H02BX"
1414|1|9279|"H02BX"
78|1|980|"H03AA"
460|1|656|"H03AA"
399|1|711|"H03BB"
1826|1|200|"H03BX"
1827|2|182|"H03BX"
2548|2|9529|"H03CA"
615|1|533|"H04AA"
97|1|961|"H05AA"
115|1|208|"H05BA"
2553|2|860|"H05BX"
2630|1|10037|"H05BX"
164|1|110|"J01CA"
298|1|806|"J01CA"
300|1|805|"J01CA"
894|1|108|"J01CA"
2755|1|10131|"J01CA"
2664|1|10070|"J01CE"
326|1|780|"J01CF"
660|1|497|"J01CF"
118|1|943|"J01CR"
277|1|822|"J01CR"
507|1|109|"J01CR"
508|1|111|"J01CR"
2884|1|10230|"J01CR"
89|1|248|"J01DA"
353|1|241|"J01DA"
355|1|235|"J01DA"
356|1|236|"J01DA"
467|1|242|"J01DA"
468|1|243|"J01DA"
475|1|238|"J01DA"
542|1|249|"J01DA"
572|1|237|"J01DA"
618|1|239|"J01DA"
619|1|240|"J01DA"
692|1|244|"J01DA"
778|1|245|"J01DA"
799|1|247|"J01DA"
1282|1|9135|"J01DA"
1283|1|9136|"J01DA"
367|1|131|"J01DF"
410|1|700|"J01DH"
525|1|596|"J01DH"
737|1|434|"J01DH"
1921|1|9544|"J01DH"
2566|1|939|"J01EB"
2629|1|10036|"J01EC"
33|1|1008|"J01EE"
2966|1|10296|"J01EE"
104|1|953|"J01FA"
165|1|130|"J01FA"
177|1|896|"J01FA"
734|1|437|"J01FA"
928|1|280|"J01FA"
1016|1|432|"J01FA"
1017|1|283|"J01FA"
2918|1|10254|"J01FA"
453|1|662|"J01FF"
166|1|752|"J01GB"
812|1|375|"J01GB"
1504|1|99|"J01GB"
1505|1|521|"J01GB"
1508|1|623|"J01GB"
7|1|650|"J01MA"
10|1|9271|"J01MA"
199|1|670|"J01MA"
503|1|773|"J01MA"
681|1|767|"J01MA"
815|1|264|"J01MA"
2546|1|10020|"J01MB"
2997|1|10321|"J01RA"
105|1|952|"J01XA"
1509|1|1028|"J01XA"
84|1|972|"J01XD"
1103|1|683|"J01XD"
341|1|761|"J01XX"
406|1|704|"J01XX"
407|1|703|"J01XX"
447|1|665|"J01XX"
451|1|664|"J01XX"
2647|1|10054|"J01XX"
2891|1|10235|"J01XX"
2005|1|496|"J02AA"
1010|1|625|"J02AB"
1104|1|324|"J02AB"
496|1|621|"J02AC"
1180|1|1055|"J02AC"
1976|1|9089|"J02AC"
2807|1|10168|"J02AC"
2812|1|10172|"J02AC"
845|1|234|"J02AX"
2737|1|10115|"J02AX"
192|1|885|"J04AB"
2733|2|10111|"J04BA"
14|1|1022|"J05AB"
195|1|884|"J05AB"
994|1|45|"J05AB"
2787|1|10157|"J05AB"
2845|1|10195|"J05AB"
2894|1|10237|"J05AC"
1195|1|1072|"J05AF"
1510|1|1060|"J05AF"
2808|1|10169|"J05AF"
1922|0|9550|"J05AH"
2710|1|10091|"J05AX"
2917|1|10253|"J05AX"
1407|1|9272|"J06AA"
519|1|602|"J06BA"
2636|1|10043|"J06BB"
2724|1|10106|"J07AF"
2660|1|10066|"J07AH"
2725|1|10106|"J07AJ"
1571|1|9350|"J07AL"
59|1|989|"J07AM"
2633|1|10040|"J07AM"
2723|1|10106|"J07AM"
2718|1|10101|"J07AN"
446|1|666|"J07AX"
92|1|966|"J07BB"
1207|1|3074|"J07BB"
2484|1|9982|"J07BB"
2644|1|10051|"J07BC"
2650|1|10057|"J07BC"
2779|1|10149|"J07BC"
2639|1|10047|"J07BD"
2780|1|10150|"J07BG"
2632|1|10039|"J07BK"
2738|1|10116|"J07CA"
1253|1|9105|"L01AA"
526|1|595|"L01AX"
1338|1|9195|"L01AX"
967|1|7070|"L01BA"
1287|1|9140|"L01BA"
1313|1|9168|"L01BB"
1208|1|3076|"L01BC"
1220|1|9069|"L01BC"
1270|1|9122|"L01BC"
2649|1|10056|"L01BC"
705|1|462|"L01CB"
765|1|413|"L01DB"
1219|1|9068|"L01XA"
2646|1|10053|"L01XA"
2666|1|10072|"L01XA"
1192|1|1069|"L01XC"
1337|1|9194|"L01XC"
2643|1|10050|"L01XC"
2652|1|10059|"L01XC"
2659|1|10065|"L01XC"
2662|1|10068|"L01XC"
2637|1|10044|"L01XE"
2653|1|10060|"L01XE"
2656|1|10063|"L01XE"
553|1|572|"L01XX"
1511|2|994|"L01XX"
2013|2|74|"L01XX"
2515|1|9981|"L01XX"
2635|1|10042|"L01XX"
2655|1|10062|"L01XX"
1272|1|9125|"L02AB"
29|1|1010|"L02AE"
478|1|642|"L02AE"
602|1|542|"L02AE"
110|1|948|"L02BA"
1271|1|9123|"L02BA"
283|1|160|"L02BB"
567|1|269|"L02BB"
649|1|508|"L02BB"
527|1|112|"L02BG"
1193|1|1070|"L02BG"
1246|1|9097|"L02BG"
1232|1|9081|"L03AA"
1308|1|9162|"L03AA"
511|1|609|"L03AB"
1334|1|9191|"L03AB"
2663|1|10069|"L03AC"
481|1|639|"L04AA"
1213|1|5070|"L04AA"
1284|1|9137|"L04AA"
2783|1|10153|"L04AA"
2795|1|10161|"L04AA"
2805|1|10166|"L04AA"
520|1|601|"L04AB"
1292|1|9145|"L04AB"
937|1|258|"L04AD"
1512|1|946|"L04AD"
838|1|128|"L04AX"
1234|1|9084|"L04AX"
1245|1|9096|"L04AX"
1514|2|7070|"L04AX"
2640|1|10048|"L04AX"
411|1|699|"M01AA"
31|1|27|"M01AB"
493|1|627|"M01AB"
521|1|600|"M01AB"
804|1|381|"M01AB"
805|1|380|"M01AB"
806|1|379|"M01AB"
808|1|378|"M01AB"
963|2|16|"M01AB"
2809|1|10170|"M01AB"
2811|1|10171|"M01AB"
2861|1|10209|"M01AB"
2967|1|10297|"M01AB"
101|1|956|"M01AC"
260|1|835|"M01AC"
415|1|694|"M01AC"
436|1|676|"M01AC"
1307|1|9161|"M01AC"
2867|1|10216|"M01AC"
385|1|70|"M01AE"
431|1|681|"M01AE"
528|1|594|"M01AE"
530|1|591|"M01AE"
531|1|592|"M01AE"
532|1|590|"M01AE"
960|1|626|"M01AE"
1074|1|9250|"M01AE"
2834|1|10185|"M01AE"
2835|1|10186|"M01AE"
2902|1|10241|"M01AE"
727|1|58|"M01AG"
1516|1|9250|"M01AG"
1323|1|9179|"M01AH"
2459|1|9967|"M01AH"
2937|1|10271|"M01AH"
117|1|210|"M01AX"
172|1|211|"M01AX"
607|1|538|"M01AX"
608|1|537|"M01AX"
819|1|373|"M01AX"
915|1|291|"M01AX"
961|2|756|"M01AX"
1151|1|9322|"M01AX"
1247|1|9099|"M01AX"
1361|1|9221|"M01AX"
1517|2|136|"M01AX"
1839|2|227|"M01AX"
1890|1|9316|"M01AX"
1905|0|9539|"M01AX"
1923|0|9541|"M01AX"
1998|2|933|"M01AX"
2063|2|440|"M01AX"
2525|1|10007|"M01AX"
2532|1|10012|"M01AX"
2544|1|10019|"M01AX"
2641|1|10049|"M01AX"
2642|2|632|"M01AX"
2693|2|10085|"M01AX"
2868|1|10216|"M01AX"
2869|1|10217|"M01AX"
676|1|481|"M01BA"
1979|2|148|"M01BA"
124|1|935|"M01CA"
418|1|137|"M02AA"
670|1|488|"M02AA"
706|1|461|"M02AA"
996|2|82|"M02AA"
1075|2|136|"M02AA"
1518|1|16|"M02AA"
1520|1|626|"M02AA"
2454|1|379|"M02AA"
2455|1|378|"M02AA"
2775|1|10145|"M02AA"
53|1|231|"M03BA"
383|1|713|"M03BA"
398|1|712|"M03BA"
1790|2|220|"M03BA"
1791|2|987|"M03BA"
1792|2|9261|"M03BA"
2947|1|10281|"M03BA"
721|1|91|"M04AA"
188|1|888|"M05BA"
389|1|74|"M05BA"
698|1|86|"M05BA"
1236|1|9086|"M05BA"
1243|1|9094|"M05BA"
1319|1|9174|"M05BA"
1309|1|9164|"M05BX"
2577|2|969|"M05BX"
544|1|581|"M09AX"
1355|1|9212|"M09AX"
1671|1|9415|"M09AX"
2789|1|10159|"M09AX"
499|1|617|"N01AB"
1205|1|3072|"N01AB"
1267|1|9119|"N01AB"
953|2|975|"N01AF"
201|1|880|"N01AH"
1268|1|9120|"N01AH"
229|1|866|"N01AX"
494|1|624|"N01AX"
1022|1|9098|"N01BA"
1582|1|9121|"N01BA"
37|1|195|"N01BB"
455|1|660|"N01BB"
458|1|659|"N01BB"
459|1|658|"N01BB"
1030|1|657|"N01BB"
1279|1|9132|"N01BB"
369|1|731|"N02AA"
1305|1|9159|"N02AA"
412|1|698|"N02AB"
673|1|485|"N02AB"
951|1|9182|"N02AC"
358|1|744|"N02AF"
57|1|991|"N02AG"
58|1|990|"N02AG"
962|2|62|"N02BA"
1035|1|51|"N02BA"
1036|1|50|"N02BA"
1037|1|49|"N02BA"
1038|1|48|"N02BA"
1039|2|46|"N02BA"
2984|1|10314|"N02BA"
782|1|401|"N02BB"
75|1|29|"N02BE"
196|1|28|"N02BE"
310|1|796|"N02BE"
311|1|797|"N02BE"
576|1|30|"N02BE"
583|1|38|"N02BE"
585|1|40|"N02BE"
1410|1|9275|"N02BE"
1809|2|58|"N02BE"
1812|2|592|"N02BE"
1813|2|600|"N02BE"
1814|2|626|"N02BE"
1818|2|835|"N02BE"
1823|2|461|"N02BE"
1874|1|34|"N02BE"
1888|1|9316|"N02BE"
2030|2|35|"N02BE"
2829|1|10180|"N02BE"
2959|1|10289|"N02BE"
2960|1|10290|"N02BE"
1810|2|590|"N02BG"
1811|2|591|"N02BG"
1815|2|676|"N02BG"
1816|2|681|"N02BG"
1817|2|694|"N02BG"
1819|2|9179|"N02BG"
1820|2|9250|"N02BG"
1973|1|627|"N02BG"
1978|1|9161|"N02BG"
1995|2|756|"N02BG"
2456|2|378|"N02BG"
2457|2|379|"N02BG"
2576|3|288|"N02BG"
2610|3|16|"N02BG"
2611|2|27|"N02BG"
2612|2|380|"N02BG"
2621|1|10030|"N02BG"
2838|1|10189|"N02BG"
2903|3|10241|"N02BG"
674|1|483|"N03AA"
2882|1|10228|"N04AA"
107|1|222|"N04BA"
470|1|648|"N04BA"
471|1|647|"N04BA"
61|1|167|"N04BB"
1293|1|9146|"N04BB"
2828|1|10180|"N04BB"
272|1|827|"N04BC"
292|1|809|"N04BC"
1266|1|9118|"N04BC"
1526|1|182|"N04BC"
1527|2|200|"N04BC"
2786|1|10156|"N04BC"
1212|1|5069|"N04BD"
2942|1|10276|"N04BD"
746|1|425|"N04BX"
465|1|651|"N05AA"
2730|1|10109|"N05AA"
41|1|1005|"N05AB"
851|1|344|"N05AB"
82|1|976|"N05AC"
1928|0|9551|"N05AC"
210|1|872|"N05AH"
331|1|774|"N05AH"
875|1|326|"N05AH"
1187|1|1064|"N05AH"
119|1|942|"N05AL"
280|1|819|"N05AL"
679|1|227|"N05AN"
187|1|889|"N05AX"
604|1|117|"N05AX"
1375|1|9237|"N05AX"
371|1|92|"N05BA"
417|1|175|"N05BA"
437|1|675|"N05BA"
816|1|374|"N05BA"
906|1|295|"N05BA"
926|1|284|"N05BA"
2137|1|298|"N05BA"
2933|1|10267|"N05BA"
2935|1|10269|"N05BA"
2978|1|10309|"N05BA"
2832|1|10183|"N05BB"
461|1|198|"N05BE"
1528|1|975|"N05CA"
1785|2|483|"N05CA"
108|1|950|"N05CB"
48|1|1000|"N05CD"
193|1|191|"N05CD"
343|1|759|"N05CD"
377|1|722|"N05CD"
409|1|701|"N05CD"
650|1|507|"N05CD"
2871|1|10219|"N05CD"
1189|1|1066|"N05CF"
1354|1|9211|"N05CF"
2970|1|10301|"N05CF"
9|1|1025|"N05CM"
11|1|1024|"N05CM"
12|1|1023|"N05CM"
302|1|803|"N05CM"
303|1|802|"N05CM"
691|1|470|"N05CM"
862|1|335|"N05CM"
1166|1|9341|"N05CM"
2075|1|9614|"N05CM"
2487|1|9985|"N05CM"
3004|1|10328|"N05CM"
425|1|688|"N06AA"
504|1|104|"N06AA"
524|1|597|"N06AA"
918|1|288|"N06AA"
1339|1|9196|"N06AA"
1340|1|9197|"N06AA"
145|1|914|"N06AB"
304|1|801|"N06AB"
648|1|509|"N06AB"
651|1|506|"N06AB"
736|1|435|"N06AB"
1529|1|272|"N06AB"
4|1|1030|"N06AX"
54|1|993|"N06AX"
88|1|968|"N06AX"
202|1|879|"N06AX"
375|1|725|"N06AX"
684|1|474|"N06AX"
762|1|416|"N06AX"
1929|0|9527|"N06AX"
2926|1|10260|"N06AX"
401|1|709|"N06BA"
1882|1|123|"N06BA"
2849|1|10199|"N06BA"
268|1|830|"N06BX"
274|1|825|"N06BX"
936|1|273|"N06BX"
2575|2|196|"N06BX"
2940|1|10274|"N06BX"
185|1|891|"N06DA"
631|1|518|"N06DA"
774|1|406|"N06DA"
1027|1|526|"N06DX"
1228|1|9077|"N06DX"
2691|2|10084|"N06DX"
271|1|828|"N07AA"
593|1|751|"N07AA"
646|1|817|"N07AX"
346|1|754|"N07BA"
614|1|196|"N07BA"
1346|1|9203|"N07BA"
1935|0|9542|"N07BB"
1937|0|9548|"N07BB"
2584|2|9114|"N07BB"
1530|2|9182|"N07BC"
506|1|147|"N07CA"
656|1|501|"N07CA"
909|1|262|"N07CA"
2463|2|757|"N07CA"
2583|2|807|"N07CA"
2587|2|654|"N07CA"
189|1|887|"N07XX"
2740|1|10118|"N07XX"
3006|1|10329|"N07XX"
1883|1|292|"N02CA"
1884|1|390|"N02CA"
1885|1|431|"N02CA"
113|1|944|"N02CC"
1886|1|892|"N02CC"
1887|1|1065|"N02CC"
2929|1|10263|"N02CC"
2936|1|10270|"N02CC"
2554|2|860|"N02CX"
2556|2|738|"N02CX"
2568|3|987|"N02CX"
2569|2|632|"N02CX"
2572|2|501|"N02CX"
2579|2|147|"N02CX"
2580|2|262|"N02CX"
1142|1|9323|"O1"
1386|1|9248|"O1"
554|1|571|"P01AA"
2705|1|935|"P01BA"
416|1|693|"P01CA"
1277|1|9130|"P02BA"
394|1|79|"P02CA"
423|1|690|"P02CA"
662|1|495|"P02CA"
2665|1|10071|"P02CA"
860|1|337|"P03AA"
93|1|965|"P03BA"
854|1|342|"P03BA"
1531|1|420|"R01AA"
2998|1|10322|"R01AA"
363|1|740|"R01AB"
1711|1|9455|"R01AB"
2741|1|10119|"R01AB"
2793|1|10160|"R01AB"
2965|1|10295|"R01AB"
361|1|742|"R01AC"
861|1|336|"R01AC"
1223|1|9072|"R01AC"
1533|1|129|"R01AC"
1534|1|776|"R01AC"
174|1|192|"R01AD"
230|1|865|"R01AD"
853|1|134|"R01AD"
1076|1|727|"R01AD"
1125|3|852|"R01AD"
1126|2|997|"R01AD"
1127|2|148|"R01AD"
1222|1|9071|"R01AD"
1537|2|3067|"R01AD"
1724|1|9468|"R01AD"
1865|3|854|"R01AD"
1969|1|710|"R01AD"
2060|1|440|"R01AD"
704|1|463|"R01AX"
756|2|184|"R01AX"
890|1|311|"R01AX"
1367|1|9228|"R01AX"
1539|2|185|"R01AX"
2022|1|9578|"R01AX"
162|1|37|"R01BA"
309|1|798|"R01BA"
2073|0|9612|"R01BA"
2820|1|10176|"R01BA"
2824|2|10177|"R01BA"
2954|1|10286|"R01BA"
2961|1|10291|"R01BA"
577|1|556|"R02AA"
892|1|309|"R02AA"
895|1|252|"R02AA"
1077|1|305|"R02AA"
1120|3|846|"R02AA"
1939|0|9540|"R02AA"
2491|1|9987|"R02AA"
18|1|1018|"R03AC"
152|1|908|"R03AC"
159|2|902|"R03AC"
173|2|282|"R03AC"
462|1|900|"R03AC"
647|1|510|"R03AC"
944|1|3067|"R03AC"
981|1|484|"R03AC"
1889|1|9349|"R03AC"
150|1|909|"R03AK"
1940|0|9555|"R03AK"
1106|2|727|"R03BA"
1131|2|148|"R03BA"
1201|1|1079|"R03BA"
1543|2|192|"R03BA"
1580|2|134|"R03BA"
1743|1|9487|"R03BA"
2070|1|865|"R03BA"
81|1|977|"R03BB"
537|1|185|"R03BB"
1756|1|184|"R03BB"
221|1|19|"R03BX"
948|1|420|"R03CA"
379|1|718|"R03CB"
1545|1|282|"R03CC"
1546|2|900|"R03CC"
1547|1|902|"R03CC"
2447|1|1018|"R03CC"
100|1|957|"R03DA"
477|1|102|"R03DA"
744|1|15|"R03DA"
2948|1|10282|"R03DB"
2957|1|10282|"R03DB"
248|1|848|"R03DC"
370|1|730|"R03DC"
1183|1|1059|"R03DC"
1235|1|9085|"R03DX"
2000|2|136|"R03DX"
2804|1|10165|"R03DX"
155|1|901|"R05CA"
592|1|552|"R05CA"
600|1|545|"R05CA"
1412|1|9277|"R05CA"
2082|2|1063|"R05CA"
2461|1|9968|"R05CA"
2618|1|10027|"R05CA"
2622|1|10031|"R05CA"
2818|1|10175|"R05CA"
2821|1|10176|"R05CA"
2830|1|10181|"R05CA"
2864|1|10212|"R05CA"
43|1|94|"R05CB"
44|1|95|"R05CB"
45|1|97|"R05CB"
211|1|177|"R05CB"
754|1|181|"R05CB"
1107|2|686|"R05CB"
1368|1|9229|"R05CB"
1401|1|9264|"R05CB"
1804|1|622|"R05CB"
1941|0|9547|"R05CB"
1942|0|9556|"R05CB"
2493|1|9988|"R05CB"
2494|1|9989|"R05CB"
2495|1|9990|"R05CB"
2505|1|9998|"R05CB"
2938|1|10272|"R05CB"
2981|1|10311|"R05CB"
3005|1|10329|"R05CB"
163|1|799|"R05DA"
800|1|385|"R05DA"
830|1|365|"R05DA"
871|1|328|"R05DA"
1078|3|9182|"R05DA"
1150|1|9321|"R05DA"
1159|1|9334|"R05DA"
1239|1|9090|"R05DA"
1256|1|9108|"R05DA"
2438|1|9951|"R05DA"
2486|1|9984|"R05DA"
2980|1|10311|"R05DA"
216|1|868|"R05DB"
325|1|781|"R05DB"
466|1|649|"R05DB"
509|1|611|"R05DB"
588|1|43|"R05DB"
589|1|44|"R05DB"
599|1|546|"R05DB"
786|1|397|"R05DB"
911|1|140|"R05DB"
919|1|287|"R05DB"
935|1|274|"R05DB"
1548|2|9124|"R05DB"
2853|1|10202|"R05DB"
2930|1|10264|"R05DB"
2943|1|10277|"R05DB"
2953|1|10286|"R05DB"
831|1|364|"R05FA"
2752|1|10130|"R05FA"
586|1|41|"R05FB"
587|1|42|"R05FB"
1079|1|9124|"R05XA"
1549|2|697|"R05XA"
581|1|35|"R06AA"
759|1|189|"R06AA"
760|1|190|"R06AA"
801|1|384|"R06AA"
2138|1|394|"R06AA"
2870|1|10218|"R06AA"
218|1|178|"R06AB"
264|1|179|"R06AB"
579|1|33|"R06AB"
582|1|36|"R06AB"
584|1|39|"R06AB"
675|1|482|"R06AB"
840|1|357|"R06AB"
899|1|302|"R06AB"
900|1|301|"R06AB"
901|1|300|"R06AB"
902|1|299|"R06AB"
921|1|31|"R06AB"
940|1|153|"R06AB"
1255|1|9107|"R06AB"
1258|1|9110|"R06AB"
1550|2|37|"R06AB"
1551|2|799|"R06AB"
2072|0|9611|"R06AB"
2817|1|10175|"R06AB"
2822|2|10176|"R06AB"
2836|1|10187|"R06AB"
2985|1|10314|"R06AB"
2999|1|10322|"R06AB"
239|1|858|"R06AD"
240|1|857|"R06AD"
2924|1|10258|"R06AD"
270|1|251|"R06AE"
450|1|253|"R06AE"
1393|1|9256|"R06AE"
2931|1|10265|"R06AK"
181|2|628|"R06AX"
306|1|156|"R06AX"
438|1|674|"R06AX"
440|1|673|"R06AX"
441|1|672|"R06AX"
668|1|490|"R06AX"
669|1|489|"R06AX"
741|1|429|"R06AX"
761|1|417|"R06AX"
846|1|349|"R06AX"
867|1|119|"R06AX"
884|1|267|"R06AX"
1080|2|129|"R06AX"
2620|1|10029|"R06AX"
2734|1|10112|"R06AX"
2823|1|10177|"R06AX"
2842|1|10192|"R06AX"
2858|1|10206|"R06AX"
2863|1|10211|"R06AX"
2993|1|10318|"R06AX"
2648|1|10055|"R07AA"
740|1|430|"R07AX"
2056|1|418|"R07AX"
2504|1|9997|"R07AX"
2506|1|9999|"R07AX"
2523|1|10006|"R07AX"
2529|1|10010|"R07AX"
2531|1|10011|"R07AX"
2545|2|10019|"R07AX"
2700|2|10088|"R07AX"
376|1|724|"S01AA"
905|1|296|"S01AA"
1081|2|432|"S01AA"
1082|2|99|"S01AA"
1084|2|522|"S01AA"
1086|2|623|"S01AA"
1087|1|979|"S01AA"
1552|2|110|"S01AA"
1553|2|130|"S01AA"
1554|1|752|"S01AA"
1753|1|9409|"S01AA"
1842|1|9508|"S01AA"
1975|2|521|"S01AA"
2036|1|982|"S01AA"
2074|0|9613|"S01AA"
2527|1|10008|"S01AA"
2765|1|787|"S01AA"
128|1|931|"S01AB"
1556|2|939|"S01AB"
2994|1|10319|"S01AB"
1614|1|9358|"S01AD"
1121|2|762|"S01AX"
1557|2|264|"S01AX"
1559|2|670|"S01AX"
1561|2|767|"S01AX"
1562|2|773|"S01AX"
1563|2|9163|"S01AX"
1564|2|9271|"S01AX"
1844|1|9510|"S01AX"
1893|1|9521|"S01AX"
2794|1|9522|"S01AX"
433|1|679|"S01BA"
991|2|504|"S01BA"
1089|1|9218|"S01BA"
1133|2|997|"S01BA"
1134|2|148|"S01BA"
1565|1|352|"S01BA"
1750|2|9494|"S01BA"
1846|1|9511|"S01BA"
1869|3|854|"S01BA"
654|1|505|"S01BB"
22|1|1014|"S01BC"
1291|1|9144|"S01BC"
1794|2|378|"S01BC"
1798|2|379|"S01BC"
2623|1|10032|"S01BC"
2624|1|10033|"S01BC"
2645|3|136|"S01BC"
2847|1|10197|"S01BC"
350|1|265|"S01CA"
904|1|297|"S01CA"
1944|1|9545|"S01CA"
2757|1|355|"S01CA"
2782|1|10152|"S01CA"
2977|1|10308|"S01CA"
70|1|984|"S01CB"
1122|2|504|"S01CB"
1136|2|148|"S01CB"
2976|1|10307|"S01CC"
72|1|173|"S01EA"
1321|1|9176|"S01EA"
1566|2|751|"S01EB"
1843|1|9509|"S01EB"
73|1|174|"S01EC"
767|1|410|"S01EC"
768|1|409|"S01EC"
771|1|408|"S01EC"
1402|1|9265|"S01EC"
85|1|971|"S01ED"
307|1|157|"S01ED"
473|1|645|"S01ED"
486|1|635|"S01ED"
1347|1|9204|"S01ED"
2555|2|860|"S01ED"
2557|2|9822|"S01ED"
16|1|1020|"S01EE"
55|1|992|"S01EE"
79|1|166|"S01EE"
487|1|634|"S01EE"
1945|0|9535|"S01EE"
2595|2|9830|"S01EX"
20|1|1016|"S01FA"
21|1|1015|"S01FA"
26|1|255|"S01FA"
629|1|256|"S01FA"
1592|1|125|"S01FA"
1825|2|420|"S01FB"
362|1|741|"S01GA"
443|1|669|"S01GA"
1091|1|786|"S01GA"
1599|1|9352|"S01GA"
2885|1|10229|"S01GA"
789|1|59|"S01GX"
947|2|776|"S01GX"
1160|1|9335|"S01GX"
1568|1|628|"S01GX"
1628|1|9372|"S01GX"
1775|2|429|"S01GX"
1779|2|357|"S01GX"
2485|1|9983|"S01GX"
232|1|863|"S01HA"
233|1|862|"S01HA"
1092|3|9098|"S01HA"
1881|2|9121|"S01HA"
2051|1|9584|"S01HA"
1569|1|558|"S01KA"
2914|1|10250|"S01KA"
2945|1|10279|"S01KA"
251|1|844|"S01XA"
253|1|842|"S01XA"
290|1|60|"S01XA"
322|1|228|"S01XA"
397|1|85|"S01XA"
536|1|224|"S01XA"
555|1|570|"S01XA"
813|1|229|"S01XA"
835|1|361|"S01XA"
836|1|360|"S01XA"
896|1|306|"S01XA"
1093|3|553|"S01XA"
1405|1|9268|"S01XA"
1417|1|9282|"S01XA"
2035|3|686|"S01XA"
2059|1|9587|"S01XA"
2796|2|258|"S01XA"
2797|1|10162|"S01XA"
1094|2|264|"S02AA"
1095|2|773|"S02AA"
1109|2|521|"S02AA"
1110|2|522|"S02AA"
1129|2|762|"S02AA"
1754|2|9409|"S02AA"
1778|1|419|"S02AA"
1894|1|9522|"S02AA"
1112|1|9218|"S02BA"
1138|2|148|"S02BA"
1751|2|9494|"S02BA"
1845|1|9511|"S02BA"
1868|3|854|"S02BA"
348|1|750|"S02CA"
573|1|266|"S02CA"
1946|0|9549|"S02CA"
1113|3|657|"S02DA"
2982|1|10312|"S02DA"
1878|1|9516|"S02DC"
1879|1|9517|"S02DC"
76|1|983|"S03AA"
1114|2|264|"S03AA"
1140|2|148|"S03BA"
1752|1|9494|"S03BA"
1429|1|9295|"T2C"
1387|1|9249|"T2D2"
2203|2|3071|"V07AB"
2743|1|10121|"V11"
2749|1|10127|"V11"
2750|1|10128|"V11"
2766|1|10136|"V11"
2767|1|10137|"V11"
2769|1|10139|"V11"
2770|1|10140|"V11"
2771|1|10141|"V11"
2772|1|10142|"V11"
219|1|17|"V03AA"
252|1|843|"V03AA"
689|1|472|"V03AA"
1224|1|9073|"V03AA"
2445|1|9958|"V03AA"
687|1|233|"V06BA"
1168|1|9343|"V06BA"
332|2|772|"V06DA"
858|1|338|"V06DA"
1376|2|9238|"V06DA"
1416|2|9281|"V06DA"
1875|2|9253|"V06DA"
1876|2|9322|"V06DA"
1877|1|9232|"V06DA"
1896|1|1023|"V06DA"
1897|1|1024|"V06DA"
1898|1|1025|"V06DA"
1903|1|9557|"V06DA"
1949|1|9528|"V06DA"
1952|1|9537|"V06DA"
1953|1|9529|"V06DA"
1954|2|9558|"V06DA"
1957|2|9560|"V06DA"
1961|0|9536|"V06DA"
1962|0|9539|"V06DA"
2076|2|9614|"V06DA"
2132|3|1063|"V06DA"
2466|1|9970|"V06DA"
2468|1|81|"V06DA"
2469|1|9285|"V06DA"
2471|1|898|"V06DA"
2500|2|9994|"V06DA"
2507|2|9999|"V06DA"
2509|2|10000|"V06DA"
2511|2|10001|"V06DA"
2513|2|10002|"V06DA"
2533|2|10012|"V06DA"
2667|1|10074|"V06DA"
2670|1|10075|"V06DA"
2672|1|10076|"V06DA"
2675|1|10077|"V06DA"
2678|1|10078|"V06DA"
2680|1|10079|"V06DA"
2682|1|10080|"V06DA"
2683|1|10081|"V06DA"
2686|1|10082|"V06DA"
2687|1|10083|"V06DA"
2689|1|10084|"V06DA"
2692|1|10085|"V06DA"
2695|1|10086|"V06DA"
2697|1|10087|"V06DA"
2699|1|10088|"V06DA"
2701|1|10089|"V06DA"
2742|1|10120|"V06DA"
2745|1|10123|"V06DA"
2746|1|10124|"V06DA"
2747|1|10125|"V06DA"
2748|1|10126|"V06DA"
2751|1|10129|"V06DA"
2753|1|9277|"V06DA"
2754|1|552|"V06DA"
2798|1|250|"V06DA"
2799|1|9385|"V06DA"
2800|1|10015|"V06DA"
2801|1|10102|"V06DA"
2856|1|10204|"V06DA"
2875|1|10222|"V06DA"
125|1|934|"V08AB"
510|1|610|"V08AB"
2631|1|10038|"V08AB"
2760|1|10134|"V08AB"
2768|1|10138|"M01BX"
2731|1|10110|"M01CC"
709|1|458|"M01CX"
153|1|907|"M02AX"
154|1|906|"M02AX"
157|1|904|"M02AX"
158|1|905|"M02AX"
161|1|697|"M02AX"
296|1|808|"M02AX"
701|1|466|"M02AX"
995|2|84|"M02AX"
1519|1|62|"M02AX"
1521|1|756|"M02AX"
1522|1|1058|"M02AX"
314|1|792|"M03AC"
757|1|187|"M03AC"
758|1|188|"M03AC"
1248|1|9100|"M03AC"
63|1|988|"M03AX"
1787|2|855|"M03AX"
1788|2|517|"M03AX"
1829|2|1000|"M03AX"
1833|2|175|"M03AX"
2585|2|782|"M03AX"
2694|2|10085|"M03AX"
931|1|277|"M03BC"
932|1|276|"M03BC"
77|1|981|"M03BX"
83|1|973|"M03BX"
1262|1|9114|"M03BX"
1789|2|289|"M03BX"
1830|2|191|"M03BX"
1831|2|759|"M03BX"
1832|2|722|"M03BX"
1834|2|675|"M03BX"
1835|2|507|"M03BX"
1836|3|374|"M03BX"
1857|2|104|"M03BX"
1873|1|396|"M03BX"
1880|2|290|"M03BX"
2012|2|701|"M03BX"
2934|1|10268|"M03BX"
1379|1|9241|"M04AC"
2043|2|9133|"M04AX"
2537|3|10014|"M04AX"
2810|1|10170|"N02AX"
798|1|386|"N03AB"
916|1|289|"N03AE"
2006|2|722|"N03AE"
2007|2|701|"N03AE"
2008|2|759|"N03AE"
2009|2|1000|"N03AE"
2010|2|191|"N03AE"
2011|2|507|"N03AE"
2704|2|374|"N03AE"
324|1|782|"N03AF"
696|1|220|"N03AF"
388|1|73|"N03AG"
779|1|402|"N03AG"
2833|1|10184|"N03AG"
66|1|987|"N03AX"
244|1|855|"N03AX"
489|1|632|"N03AX"
632|1|517|"N03AX"
1398|1|9261|"N03AX"
2078|2|9265|"N03AX"
2573|3|501|"N03AX"
2899|1|10240|"N03AX"
596|1|549|"N05AD"
2735|1|10113|"N05AD"
149|1|910|"P01AB"
1119|2|683|"P01AB"
106|1|951|"P01AC"
1202|1|3069|"P01AX"
1105|2|762|"P01CC"
276|1|823|"P02CB"
590|1|555|"P02CB"
2439|1|9952|"P02CB"
212|1|871|"P02CC"
273|1|826|"P02CC"
316|1|790|"P02CC"
463|1|655|"P02CE"
1318|1|9173|"P02CF"
275|1|824|"P03AC"
288|1|812|"P03AC"
591|1|554|"P03AX"
910|1|139|"P03AX"
2015|3|758|"R02AB"
1604|1|9355|"R02AD"
228|1|867|"V03AB"
354|1|745|"V03AB"
658|1|499|"V03AB"
2774|1|10144|"V03AC"
64|1|98|"V03AF"
479|1|641|"V03AF"
837|1|359|"V03AF"
1947|1|9554|"V03AF"
2638|1|10046|"V03AF"
204|1|176|"V04CX"
2483|2|9981|"V06DX"
2781|1|10151|"V08AA"
2727|1|10107|"V08CA"
2503|2|9997|"O2"
2524|2|10006|"O2"
2526|2|10007|"O2"
2530|2|10010|"O2"
2541|2|10016|"O2"
2434|1|9496|"A19A1"
2679|1|10079|"A19A1"
2657|1|10064|"S01LA"
95|1|963|"J01AA"
454|1|661|"J01AA"
803|1|382|"J01AA"
1043|1|412|"J01AA"
1072|1|787|"J01AA"
1920|1|9559|"J01AA"
2946|1|10280|"J01AA"
2831|1|10182|"C09DB"
2919|1|10255|"J01XE"
